Minimum level: 3
Runtime (sec): 0.3053173340158537
Support network with minimum level
3 25
3 50
25 28
50 31
67 68
68 54
15 64
64 82
63 86
86 59
85 39
39 77
45 12
45 88
88 56
87 3
40 9
54 84
84 17
83 74
74 81
73 44
44 45
49 67
78 72
72 52
71 72
82 16
16 40
19 43
43 49
43 29
65 20
20 79
69 66
66 1
59 70
70 60
76 48
48 37
21 23
23 5
79 22
22 53
33 80
33 87
80 34
1 51
1 7
51 8
51 83
2 55
2 24
55 33
24 4
5 35
32 57
57 65
37 32
29 2
29 47
47 89
38 78
77 14
56 46
53 58
58 26
61 6
61 91
91 62
35 18
89 90
90 75
75 76
34 60
52 11
81 82
0 69
0 19
26 42
42 15
41 71
4 85
46 38
10 38
62 92
92 73
28 36
27 13
36 61
18 30
17 27
31 21
31 63
60 41
30 10
