Minimum level: 6
Runtime (sec): 0.5598378750146367
Support network with minimum level
37 55
55 73
67 38
38 79
93 94
94 68
76 78
78 11
20 16
16 2
48 16
45 95
45 86
95 3
86 46
85 40
40 25
9 12
15 87
15 8
87 21
8 13
8 29
25 96
44 85
54 61
61 62
0 1
0 17
1 37
17 89
17 47
5 71
71 64
69 70
70 99
79 80
80 20
59 60
60 14
96 26
26 24
58 52
52 31
51 52
68 42
90 67
46 18
43 44
41 75
75 81
36 84
84 56
83 84
50 36
99 23
74 62
62 10
82 34
34 6
49 83
32 50
81 76
42 82
24 100
97 98
98 72
64 43
63 59
73 92
73 5
56 22
100 30
30 27
29 90
89 69
47 48
19 20
18 91
91 7
92 74
72 66
65 88
88 22
21 19
21 65
102 77
77 93
77 97
57 53
57 58
53 33
35 49
23 15
23 39
39 41
39 57
31 45
2 32
2 101
101 35
28 54
33 63
33 51
27 28
66 74
4 9
4 102
22 4
