Minimum level: 7
Runtime (sec): 35.33210229105316
Support network with minimum level
48 40
40 36
39 7
24 87
87 88
23 69
69 85
81 82
82 42
17 64
17 77
64 70
77 27
85 70
61 24
61 71
71 62
44 86
86 20
70 28
27 29
27 65
75 78
75 17
78 76
1 3
1 4
3 5
0 49
49 19
65 66
66 68
51 52
52 22
54 32
32 80
29 83
83 28
45 46
45 75
46 30
42 84
84 20
28 72
80 8
79 13
20 18
18 30
30 11
31 51
31 39
74 12
41 18
25 33
25 73
33 34
73 35
19 50
50 55
55 56
55 47
56 23
47 48
47 63
63 21
63 81
21 2
72 60
60 38
59 41
88 22
22 59
76 54
5 31
53 10
58 16
16 6
2 15
2 37
62 58
67 68
68 1
37 57
57 67
34 79
6 53
6 43
43 9
38 14
9 25
35 26
26 74
36 44
15 61
15 45
