Minimum level: 6
Runtime (sec): 0.1597208339953795
Support network with minimum level
68 26
26 40
66 26
40 55
39 27
27 71
27 23
0 45
0 51
45 18
51 69
51 1
70 48
48 78
23 2
2 35
1 57
1 80
57 47
57 67
80 4
79 14
76 46
46 36
18 49
17 42
42 65
41 61
61 19
53 59
53 72
59 44
72 63
71 28
28 21
65 66
25 22
22 74
6 79
49 39
49 50
36 24
24 34
37 60
60 38
44 8
43 73
73 58
19 12
19 29
33 62
62 15
34 16
74 31
58 52
67 68
35 53
35 76
21 25
21 75
78 38
77 78
15 30
30 43
16 32
50 70
47 3
3 5
3 17
55 7
63 64
64 56
52 54
54 56
31 37
32 13
20 6
5 41
5 33
75 20
29 77
38 36
4 10
4 9
69 70
56 11
