Minimum level:2
Runtime (sec):0.1860639000
Support network with minimum level
68 42
42 46
15 50
50 36
49 65
65 1
1 47
1 66
47 79
47 61
66 57
62 56
56 5
55 56
31 20
20 14
16 32
32 86
30 52
52 18
51 38
38 73
37 81
81 35
57 83
83 84
79 80
80 3
82 48
48 76
58 63
63 33
39 85
39 60
85 54
60 40
59 30
43 64
64 82
33 37
46 7
45 16
6 19
19 75
19 15
3 34
34 6
61 62
41 26
26 4
72 68
69 77
77 78
76 44
44 59
35 22
23 29
23 70
29 53
29 45
70 67
78 8
25 41
18 13
17 12
2 31
2 58
84 74
7 9
27 17
75 28
28 55
21 23
22 43
36 51
86 24
24 40
54 24
53 69
74 10
73 21
67 39
67 72
71 25
0 2
0 49
40 71
4 11
4 27
