Minimum level: 3
Runtime (sec): 250.01670570799615
Support network with minimum level
42 58
58 22
57 38
38 39
37 13
16 37
72 64
64 17
79 80
80 40
39 9
36 10
22 33
33 35
33 14
83 4
4 79
4 65
69 84
84 11
67 70
67 19
70 68
19 20
17 75
75 5
8 18
18 16
81 26
26 41
61 82
82 60
49 62
49 63
62 50
63 51
66 46
46 2
21 52
52 50
51 24
24 36
2 74
74 56
73 28
28 25
55 28
56 57
29 3
29 30
3 67
3 77
30 44
25 15
15 6
78 54
54 49
53 32
32 59
31 69
27 29
27 73
50 42
41 45
45 66
77 7
7 68
23 78
23 27
40 22
71 72
60 76
20 31
68 43
76 8
59 21
59 61
65 55
65 71
35 48
43 44
44 81
47 1
1 83
1 23
48 34
34 12
0 53
0 47
