Minimum level: 2
Runtime (sec): 0.00344512501033023
Support network with minimum level
22 72
72 79
71 40
40 34
39 7
41 81
81 45
67 46
46 42
28 68
68 76
17 2
17 35
35 74
6 10
25 26
25 8
26 9
8 12
34 20
37 51
51 82
0 1
0 17
1 73
1 61
45 21
82 52
43 38
38 49
76 44
44 24
18 65
65 39
52 22
21 66
66 48
15 33
33 69
33 5
79 16
16 3
60 80
80 32
58 62
62 11
61 52
29 75
29 47
75 78
47 63
5 25
24 18
70 14
9 57
9 59
57 70
59 43
20 42
54 50
50 67
30 13
23 4
23 28
4 55
4 19
27 41
31 77
77 58
32 30
78 60
36 27
69 56
56 71
55 6
48 30
74 64
64 36
63 37
53 15
49 54
73 23
19 53
19 29
42 31
