0 2
0 71
1 5
1 65
2 17
2 27
5 21
5 23
6 39
6 74
9 11
9 18
11 14
11 48
15 38
15 55
16 6
17 15
17 51
18 82
19 24
19 36
20 64
21 29
21 49
22 19
23 10
23 25
24 16
25 24
25 26
26 42
27 52
27 63
28 69
29 30
29 66
30 35
31 75
31 76
32 12
33 40
33 73
34 56
35 26
35 77
36 20
37 41
37 43
38 59
39 50
39 79
40 32
41 38
41 60
42 61
43 72
43 86
44 70
45 80
45 83
46 3
47 48
47 53
48 87
49 20
49 50
50 7
51 18
51 52
52 46
53 28
53 54
54 45
55 31
55 56
56 22
57 46
57 58
58 44
59 30
59 60
60 67
61 34
61 62
62 40
63 28
63 64
64 68
65 16
65 66
66 37
67 42
67 68
68 9
69 1
69 70
70 4
71 72
71 81
72 84
73 34
73 74
74 8
75 33
75 76
76 44
77 54
77 78
78 57
79 62
79 80
80 78
81 85
81 88
82 32
83 36
83 84
84 58
85 47
85 86
86 22
87 13
87 88
88 82
