0 35
0 39
1 23
1 41
2 15
2 48
3 37
3 46
5 28
5 30
6 22
6 69
8 62
8 64
15 21
15 57
16 86
17 20
17 83
18 47
19 20
19 85
20 36
21 16
21 78
22 11
23 3
23 24
24 7
25 26
25 80
26 71
27 24
27 60
28 16
29 26
29 74
30 27
31 32
31 82
32 66
33 34
33 87
34 31
35 18
35 36
36 18
37 40
37 55
38 51
39 40
39 59
40 73
41 29
41 81
42 88
43 2
43 44
44 49
45 17
45 46
46 33
47 43
47 75
48 6
49 58
49 63
50 4
51 8
51 52
52 13
53 9
53 54
54 34
55 38
55 56
56 42
57 44
57 58
58 5
59 1
59 60
60 77
61 50
61 62
62 67
63 64
63 76
64 79
65 68
65 70
66 50
67 53
67 72
68 66
69 54
69 70
70 32
71 19
71 72
72 68
73 45
73 84
74 30
75 48
75 76
76 61
77 28
77 78
78 56
79 10
79 80
80 52
81 42
81 82
82 12
83 25
83 84
84 74
85 65
85 86
86 38
87 14
87 88
88 22
