0 49
0 66
1 3
1 4
2 15
2 37
3 5
3 58
5 31
5 76
6 43
6 53
9 25
9 26
15 45
15 61
16 6
17 64
17 77
18 30
19 50
19 56
20 18
21 2
21 88
22 59
23 69
23 82
24 87
25 33
25 73
26 74
27 29
27 65
28 72
29 46
29 83
30 11
31 39
31 51
32 80
33 34
33 48
34 79
35 26
35 36
36 44
37 34
37 57
38 14
39 7
39 40
40 36
41 18
41 42
42 84
43 9
43 44
44 86
45 46
45 75
46 30
47 48
47 63
48 40
49 19
49 50
50 55
51 32
51 52
52 22
53 10
53 54
54 32
55 47
55 56
56 23
57 38
57 67
58 16
59 41
59 60
60 38
61 24
61 71
62 58
63 21
63 81
64 70
65 52
65 66
66 68
67 62
67 68
68 1
69 24
69 85
70 28
71 62
71 72
72 60
73 35
73 74
74 12
75 17
75 78
76 54
77 27
77 78
78 76
79 13
79 80
80 8
81 64
81 82
82 42
83 28
83 84
84 20
85 70
85 86
86 20
87 16
87 88
88 22
