0 17
0 43
1 38
1 56
2 15
2 75
3 39
3 64
4 12
4 42
6 7
6 46
7 16
7 71
15 3
15 70
16 40
17 68
17 69
18 19
19 14
19 82
20 10
21 18
21 22
22 20
23 24
23 63
24 49
25 4
25 44
26 36
27 32
27 65
28 16
29 55
29 88
30 20
31 53
31 74
32 41
33 5
33 34
34 18
35 36
35 37
36 85
37 23
37 38
38 31
39 40
39 57
40 13
41 8
41 42
42 66
43 1
43 80
44 26
45 46
45 59
46 62
47 29
47 78
48 32
49 21
49 50
50 22
51 9
51 52
52 86
53 45
53 77
54 67
55 56
55 84
56 51
57 47
57 73
58 26
59 79
59 81
60 58
61 60
61 62
62 27
63 25
63 64
64 6
65 28
65 66
66 11
67 44
67 68
68 34
69 2
69 76
70 28
71 24
71 72
72 54
73 58
73 74
74 48
75 35
75 87
76 83
77 72
77 78
78 52
79 50
79 80
80 54
81 61
81 82
82 30
83 70
83 84
84 60
85 33
85 86
86 48
87 76
87 88
88 30
