0 1
0 17
2 16
2 83
3 59
3 76
6 28
6 79
8 58
8 65
10 46
10 47
12 14
12 24
15 22
15 45
16 4
17 2
17 21
18 33
19 20
19 27
20 23
21 18
21 81
22 60
23 16
23 57
24 70
25 85
25 87
26 13
27 28
27 75
28 18
29 10
29 30
30 66
31 29
31 55
32 72
33 8
33 53
34 52
35 11
35 48
36 20
37 24
37 68
38 56
39 36
39 40
40 49
41 36
41 42
42 7
43 19
43 63
44 54
45 42
45 46
46 25
47 35
47 51
48 41
49 9
49 50
50 71
51 48
51 52
52 30
53 54
53 86
54 31
55 64
55 88
56 62
57 58
57 78
58 40
59 61
59 74
60 39
61 62
61 67
62 5
63 44
63 64
64 80
65 44
65 66
66 38
67 6
67 84
68 50
69 32
69 70
70 26
71 38
71 72
72 34
73 3
73 74
74 60
75 76
75 77
76 69
77 15
77 78
78 37
79 43
79 80
80 56
81 22
81 82
82 32
83 73
83 84
84 68
85 12
85 86
86 34
87 26
87 88
88 82
