0 1
0 2
1 37
1 83
2 26
2 47
5 19
5 31
6 29
6 52
7 16
7 54
10 18
10 40
15 4
15 39
16 10
17 65
17 77
18 28
19 17
19 25
20 71
21 5
21 75
22 81
23 20
23 51
24 18
25 26
25 32
26 57
27 28
27 41
28 12
29 7
29 33
30 20
31 53
31 73
32 85
33 49
33 66
34 86
35 46
35 68
36 16
37 23
37 38
38 35
39 36
39 44
40 11
41 3
41 70
42 6
43 48
43 61
44 50
45 46
45 67
46 56
47 48
47 69
48 44
49 34
49 50
50 62
51 52
51 64
52 8
53 54
53 88
54 22
55 9
55 56
56 36
57 42
57 58
58 60
59 34
59 60
60 78
61 62
61 76
62 45
63 55
63 64
64 24
65 72
65 84
66 74
67 68
67 82
68 80
69 21
69 70
70 42
71 43
71 72
72 87
73 32
73 79
74 30
75 22
75 76
76 59
77 14
77 78
78 38
79 74
79 80
80 24
81 63
81 82
82 40
83 27
83 84
84 66
85 30
85 86
86 15
87 58
87 88
88 13
