0 2
0 77
1 7
1 23
2 44
2 47
3 6
3 15
5 68
5 70
6 60
6 75
7 20
7 59
15 19
15 42
16 31
17 26
17 82
18 5
19 64
19 87
20 38
21 28
21 30
22 12
23 24
23 58
24 71
25 37
25 52
26 18
27 20
27 50
28 32
29 30
29 72
30 22
31 32
31 48
32 29
33 25
33 41
34 35
35 24
35 43
36 63
37 26
37 81
38 78
39 40
39 45
40 13
41 34
41 56
42 16
43 44
43 61
44 36
45 1
45 74
46 79
47 3
47 73
48 49
49 46
49 57
50 28
51 21
51 52
52 34
53 40
53 65
54 18
55 56
55 85
56 42
57 50
57 58
58 8
59 60
59 66
60 16
61 36
61 76
62 80
63 4
63 64
64 27
65 66
65 86
66 67
67 9
67 68
68 11
69 51
69 70
70 22
71 54
71 72
72 53
73 74
73 88
74 46
75 14
75 76
76 62
77 39
77 78
78 17
79 83
79 84
80 38
81 62
81 82
82 10
83 69
83 84
84 80
85 33
85 86
86 54
87 55
87 88
88 48
