0 2
0 83
1 20
1 74
2 39
2 73
4 32
4 38
6 11
6 16
8 56
8 72
9 24
9 41
15 28
15 58
16 12
17 52
17 57
18 65
19 18
19 35
20 26
21 8
21 64
22 61
23 34
23 87
24 14
25 7
25 26
26 17
27 40
27 77
28 16
29 33
29 44
30 22
31 22
31 32
32 5
33 36
33 79
34 24
35 36
35 67
36 45
37 13
37 38
38 70
39 19
39 60
40 20
41 31
41 42
42 15
43 46
43 48
44 30
45 46
45 68
46 23
47 10
47 48
48 63
49 29
49 50
50 66
51 34
51 52
52 55
53 49
53 69
54 30
55 75
55 76
56 80
57 18
57 58
58 62
59 60
59 86
60 40
61 37
61 62
62 4
63 64
63 82
64 54
65 21
65 66
66 78
67 43
67 71
68 1
69 54
69 84
70 6
71 68
71 72
72 88
73 25
73 74
74 59
75 42
75 81
76 56
77 28
77 78
78 51
79 80
79 85
80 9
81 76
81 82
82 44
83 53
83 84
84 70
85 50
85 86
86 3
87 27
87 88
88 47
