0 29
0 43
1 4
1 62
2 20
2 65
4 26
4 79
5 10
5 21
6 19
6 24
7 13
7 14
15 36
15 80
16 82
17 23
17 41
18 40
19 47
19 72
20 7
21 30
21 69
22 3
23 24
23 73
24 39
25 26
25 37
26 68
27 75
27 81
28 58
29 57
29 64
30 77
31 45
31 85
32 22
33 34
33 50
34 78
35 18
35 56
36 6
37 38
37 53
38 15
39 40
39 51
40 32
41 44
41 67
42 16
43 48
43 87
44 33
45 18
45 60
46 22
47 20
47 48
48 44
49 5
49 52
50 31
51 16
51 52
52 50
53 54
53 88
54 46
55 8
55 56
56 70
57 1
57 61
58 59
59 17
59 60
60 54
61 71
61 74
62 35
63 34
63 64
64 30
65 27
65 66
66 58
67 42
67 68
68 38
69 70
69 76
70 36
71 66
71 72
72 11
73 49
73 74
74 62
75 55
75 76
76 25
77 46
77 86
78 32
79 28
79 83
80 42
81 28
81 82
82 12
83 80
83 84
84 63
85 84
85 86
86 78
87 2
87 88
88 9
