0 1
0 50
1 3
1 29
3 21
3 60
4 51
4 82
5 23
5 39
6 34
6 81
9 24
9 38
15 75
15 84
16 72
17 44
17 64
18 9
19 15
19 43
20 4
21 6
21 22
22 14
23 18
23 28
24 47
25 26
25 41
26 45
27 28
27 30
28 40
29 20
29 59
30 32
31 13
31 67
32 7
33 34
33 76
34 19
35 27
35 54
36 2
37 38
37 52
38 68
39 48
39 56
40 24
41 17
41 42
42 26
43 20
43 57
44 71
45 36
45 46
46 36
47 37
47 48
48 16
49 35
49 70
50 42
51 25
51 88
52 86
53 10
53 54
54 46
55 49
55 62
56 85
57 44
57 58
58 5
59 30
59 60
60 33
61 65
61 77
62 56
63 18
63 64
64 31
65 62
65 66
66 40
67 61
67 87
68 12
69 79
69 80
70 50
71 63
71 72
72 53
73 52
73 74
74 55
75 16
75 76
76 58
77 32
77 78
78 22
79 8
79 80
80 70
81 69
81 82
82 83
83 78
83 84
84 74
85 66
85 86
86 11
87 68
87 88
88 73
