0 17
0 37
1 22
1 85
2 51
2 81
3 69
3 84
5 42
5 86
7 11
7 27
9 35
9 39
15 16
15 71
16 63
17 1
17 18
18 29
19 72
19 77
20 60
21 26
21 54
22 4
23 16
23 24
24 52
25 14
25 68
26 30
27 48
27 65
28 31
29 24
29 33
30 22
31 36
31 40
32 6
33 67
33 75
34 47
35 58
35 62
36 12
37 34
37 41
38 18
39 25
39 45
40 32
41 59
41 73
42 78
43 21
43 44
44 36
45 40
45 50
46 7
47 48
47 53
48 28
49 20
49 50
50 46
51 49
51 52
52 15
53 64
53 70
54 82
55 42
55 56
56 43
57 61
57 76
58 44
59 38
59 79
60 10
61 62
61 87
62 13
63 5
63 66
64 54
65 56
65 66
66 64
67 30
67 68
68 88
69 38
69 70
70 2
71 19
71 80
72 32
73 55
73 74
74 57
75 34
75 76
76 46
77 20
77 78
78 74
79 60
79 80
80 72
81 9
81 82
82 28
83 3
83 84
84 23
85 83
85 86
86 8
87 58
87 88
88 26
