0 1
0 71
1 18
1 77
2 34
2 49
3 28
3 55
6 13
6 37
8 33
8 50
10 12
10 42
15 17
15 67
16 10
17 32
17 59
18 57
19 20
19 62
20 6
21 5
21 48
22 16
23 24
23 30
24 63
25 41
25 83
26 18
27 31
27 38
28 21
29 61
29 81
30 82
31 19
31 39
32 66
33 27
33 34
34 47
35 36
35 40
36 4
37 72
37 85
38 44
39 40
39 74
40 32
41 26
41 60
42 11
43 26
43 44
44 28
45 8
45 56
46 38
47 7
47 58
48 64
49 24
49 75
50 53
51 46
51 52
52 35
53 54
53 70
54 36
55 20
55 56
56 46
57 3
57 65
58 86
59 68
59 69
60 80
61 62
61 87
62 9
63 45
63 84
64 73
65 58
65 78
66 76
67 2
67 68
68 43
69 60
69 70
70 79
71 15
71 72
72 51
73 22
73 74
74 52
75 50
75 76
76 22
77 25
77 78
78 66
79 29
79 80
80 42
81 16
81 88
82 54
83 23
83 84
84 64
85 14
85 86
86 48
87 30
87 88
88 82
