0 2
0 36
1 3
1 74
2 5
2 29
4 23
4 26
5 8
5 31
6 19
6 32
9 13
9 17
15 4
15 16
16 12
17 25
17 79
18 55
19 73
19 87
20 11
21 18
21 86
22 48
23 20
23 24
24 58
25 37
25 59
26 44
27 28
27 82
28 34
29 39
29 41
30 56
31 50
31 64
32 30
33 34
33 70
34 21
35 53
35 66
36 1
37 18
37 63
38 14
39 40
39 83
40 78
41 45
41 85
42 10
43 22
43 44
44 16
45 42
45 46
46 36
47 48
47 71
48 20
49 50
49 76
50 35
51 61
51 84
52 7
53 46
53 75
54 88
55 51
55 69
56 42
57 56
57 58
58 22
59 49
59 60
60 65
61 15
61 62
62 38
63 64
63 68
64 54
65 30
65 80
66 52
67 9
67 72
68 62
69 57
69 70
70 60
71 32
71 72
72 68
73 40
73 74
74 28
75 76
75 77
76 27
77 78
77 81
78 43
79 38
79 80
80 66
81 54
81 82
82 26
83 6
83 84
84 52
85 33
85 86
86 24
87 67
87 88
88 47
