0 27
0 61
1 28
1 30
2 21
2 77
3 7
3 72
6 9
6 78
9 17
9 46
11 56
11 68
15 4
15 88
16 10
17 11
17 18
18 49
19 20
19 26
20 1
21 55
21 60
22 38
23 43
23 85
24 15
25 35
25 84
26 47
27 23
27 28
28 18
29 30
29 76
30 3
31 44
31 66
32 5
33 80
33 83
34 26
35 36
35 48
36 82
37 14
37 53
38 33
39 16
39 58
40 20
41 52
41 63
42 86
43 44
43 81
44 73
45 13
45 46
46 41
47 32
47 48
48 62
49 50
49 70
50 34
51 52
51 69
52 42
53 42
53 54
54 8
55 31
55 71
56 51
57 36
57 58
58 40
59 34
59 60
60 19
61 40
61 62
62 64
63 25
63 64
64 74
65 32
65 66
66 22
67 24
67 68
68 75
69 45
69 87
70 79
71 56
71 72
72 54
73 65
73 74
74 12
75 37
75 76
76 16
77 6
77 78
78 22
79 24
79 80
80 50
81 2
81 82
82 39
83 57
83 84
84 59
85 67
85 86
86 38
87 70
87 88
88 29
