Minimum level: 7
Runtime (sec): 4.599179208045825
Support network with minimum level
97 2
62 98
98 22
48 108
108 37
107 108
94 54
54 42
86 3
3 59
3 47
17 61
61 90
84 16
16 25
81 99
81 82
99 46
82 24
23 87
87 88
87 103
85 23
41 86
41 109
109 74
57 39
39 95
44 58
58 20
1 85
1 4
4 33
4 6
83 107
18 84
89 63
63 34
90 79
15 18
77 38
38 53
36 78
78 27
28 13
10 19
10 60
19 81
60 32
59 11
37 97
88 77
103 55
104 50
50 26
49 50
32 40
47 64
24 80
80 36
106 80
70 52
52 100
51 5
5 110
5 104
74 83
73 57
110 30
55 29
56 76
76 28
75 101
101 102
33 51
34 17
64 48
91 44
20 92
92 12
29 41
30 73
31 49
31 9
0 71
0 45
71 89
45 1
42 8
72 66
66 20
27 66
102 56
43 67
43 62
67 91
67 68
93 94
53 7
7 65
22 96
26 22
46 28
100 36
79 93
105 106
35 70
69 105
40 14
95 15
96 69
68 10
65 21
65 72
21 43
21 31
25 35
25 75
