0 1
0 87
1 4
1 23
3 8
3 64
4 28
4 88
6 21
6 80
7 18
7 61
10 85
10 89
15 35
15 71
16 13
17 93
17 98
18 29
19 70
19 100
20 15
21 81
21 97
22 3
23 25
23 96
24 37
25 27
25 36
26 38
27 55
27 63
28 76
29 20
29 30
30 56
31 72
31 102
32 26
33 34
33 83
34 42
35 32
35 50
36 62
37 38
37 52
38 14
39 40
39 92
40 51
41 45
41 59
42 99
43 33
43 44
44 12
45 10
45 46
46 39
47 30
47 48
48 19
49 50
49 73
50 36
51 7
51 52
52 5
53 22
53 54
54 41
55 28
55 75
56 57
57 9
57 58
58 44
59 67
59 79
60 49
61 16
61 62
62 77
63 53
63 64
64 48
65 66
65 69
66 24
67 60
67 68
68 66
69 6
69 70
70 20
71 16
71 106
72 32
73 74
73 110
74 11
75 56
75 76
76 17
77 31
77 78
78 68
79 80
79 107
80 91
81 54
81 82
82 2
83 65
83 84
84 104
85 46
85 86
86 82
87 86
87 109
88 24
89 90
89 105
90 84
91 47
91 92
92 74
93 43
93 94
94 90
95 22
95 103
96 94
97 95
97 98
98 60
99 78
99 100
100 40
101 88
101 102
102 26
103 96
103 104
104 108
105 58
105 106
106 72
107 42
107 108
108 34
109 101
109 110
110 18
