0 1
0 23
1 25
1 95
2 32
2 75
4 18
4 29
6 14
6 76
7 45
7 58
9 11
9 66
15 5
15 72
16 67
17 18
17 19
18 40
19 39
19 86
20 60
21 2
21 44
22 16
23 24
23 27
24 15
25 47
25 48
26 100
27 21
27 69
28 16
29 37
29 77
30 98
31 50
31 78
32 90
33 4
33 96
34 43
35 87
35 93
36 110
37 57
37 94
38 103
39 22
39 40
40 24
41 20
41 68
42 30
43 38
43 44
44 22
45 17
45 85
46 99
47 70
47 73
48 26
49 34
49 50
50 101
51 52
51 81
52 71
53 9
53 54
54 84
55 33
55 56
56 53
57 42
57 58
58 97
59 61
59 82
60 104
61 13
61 106
62 107
63 34
63 64
64 74
65 10
65 108
66 46
67 56
67 68
68 54
69 28
69 70
70 7
71 38
71 72
72 91
73 74
73 89
74 80
75 55
75 76
76 109
77 6
77 102
78 32
79 35
79 80
80 31
81 82
81 105
82 60
83 62
83 84
84 42
85 46
85 86
86 49
87 36
87 88
88 30
89 48
89 90
90 26
91 83
91 92
92 59
93 63
93 94
94 52
95 41
95 96
96 79
97 51
97 98
98 8
99 36
99 100
100 3
101 88
101 102
102 78
103 20
103 104
104 64
105 65
105 106
106 62
107 28
107 108
108 66
109 92
109 110
110 12
