0 1
0 21
1 42
1 69
2 23
2 103
3 7
3 35
4 15
4 81
10 11
10 12
12 44
12 87
15 36
15 57
16 6
17 18
17 20
18 95
19 24
19 83
20 16
21 27
21 70
22 92
23 30
23 39
24 20
25 26
25 53
26 8
27 22
27 28
28 71
29 68
29 75
30 37
31 4
31 55
32 38
33 67
33 105
34 62
35 26
35 36
36 10
37 24
37 38
38 52
39 43
39 61
40 3
41 59
41 73
42 63
43 56
43 93
44 13
45 85
45 86
46 89
47 49
47 54
48 66
49 50
49 107
50 82
51 52
51 76
52 60
53 5
53 54
54 48
55 32
55 56
56 88
57 50
57 58
58 41
59 46
59 60
60 25
61 62
61 74
62 22
63 64
63 97
64 40
65 40
65 66
66 9
67 28
67 68
68 72
69 16
69 70
70 2
71 51
71 94
72 102
73 42
73 77
74 109
75 76
75 110
76 34
77 74
77 91
78 79
79 29
79 104
80 47
81 58
81 108
82 17
83 33
83 84
84 18
85 80
85 86
86 99
87 19
87 88
88 44
89 48
89 90
90 14
91 78
91 101
92 45
93 31
93 94
94 72
95 32
95 96
96 46
97 78
97 98
98 82
99 90
99 100
100 98
101 92
101 102
102 30
103 65
103 104
104 80
105 34
105 106
106 100
107 96
107 108
108 106
109 64
109 110
110 84
