0 1
0 94
1 4
1 97
2 68
2 92
3 24
3 47
4 93
4 106
6 13
6 20
10 22
10 58
15 18
15 91
16 10
17 19
17 43
18 3
19 31
19 84
20 64
21 15
21 52
22 12
23 6
23 81
24 16
25 72
25 85
26 9
27 30
27 70
28 107
29 25
29 36
30 28
31 35
31 54
32 20
33 34
33 56
34 24
35 36
35 82
36 71
37 76
37 96
38 57
39 44
39 67
40 23
41 21
41 42
42 14
43 49
43 69
44 73
45 34
45 46
46 65
47 26
47 48
48 26
49 63
49 101
50 53
51 5
51 52
52 22
53 54
53 87
54 59
55 62
55 74
56 78
57 51
57 58
58 11
59 29
59 75
60 33
61 18
61 83
62 90
63 50
63 64
64 86
65 60
65 88
66 77
67 95
67 98
68 40
69 44
69 102
70 110
71 39
71 103
72 66
73 30
73 74
74 109
75 60
75 76
76 48
77 78
77 108
78 38
79 70
79 80
80 62
81 82
81 99
82 32
83 80
83 84
84 32
85 86
85 105
86 42
87 28
87 88
88 66
89 50
89 90
90 56
91 17
91 92
92 89
93 8
93 94
94 2
95 68
95 100
96 38
97 41
97 98
98 40
99 27
99 100
100 96
101 61
101 102
102 79
103 72
103 104
104 37
105 16
105 106
106 55
107 46
107 108
108 104
109 7
109 110
110 45
