Minimum level: 1
Runtime (sec): 0.011132667015772313
Support network with minimum level
37 25
25 60
31 38
38 32
51 52
52 33
74 20
20 17
63 19
19 23
75 64
64 41
53 76
76 54
58 42
42 4
54 65
47 48
48 30
29 36
36 57
35 12
2 53
39 40
39 28
40 72
28 14
7 56
56 29
55 58
57 26
26 21
43 44
44 13
21 22
22 9
4 66
66 69
65 18
18 16
49 50
50 67
60 30
59 46
46 2
73 74
23 49
23 75
16 62
61 71
71 62
41 55
62 24
24 5
6 37
6 27
27 39
27 51
15 63
15 3
5 35
5 11
69 10
0 59
0 45
45 1
45 73
72 31
1 61
1 6
34 47
70 68
68 8
67 43
32 34
17 7
30 70
33 15
