Minimum level: 5
Runtime (sec): 6.908340791997034
Support network with minimum level
23 43
43 67
43 24
63 64
64 36
88 42
42 14
83 89
89 90
89 86
67 84
84 68
22 44
44 4
37 79
37 38
79 27
38 6
3 19
19 15
46 16
16 80
45 46
39 96
96 56
95 96
69 70
70 20
56 40
40 9
4 45
90 40
86 81
85 76
76 48
75 73
73 74
94 50
50 54
61 50
32 62
62 26
31 49
31 85
49 65
49 59
27 58
80 10
93 53
93 94
53 91
81 82
82 54
91 95
91 92
35 71
35 28
71 72
28 23
21 11
11 13
17 29
29 75
74 5
24 30
30 20
57 25
57 77
25 37
25 7
77 78
36 52
66 36
59 87
59 60
87 51
60 32
2 47
47 41
33 2
51 34
34 63
52 22
0 33
72 18
18 1
26 22
48 32
92 83
41 3
41 88
65 66
15 61
15 17
78 55
58 35
20 31
68 12
1 21
54 39
5 8
5 57
55 93
55 69
