Minimum level: 7
Runtime (sec): 12.21803445898695
Support network with minimum level
47 83
47 38
83 105
38 30
37 20
20 31
19 55
55 106
52 108
108 79
107 109
109 110
94 110
110 10
40 82
82 70
39 2
39 40
2 3
2 17
101 102
102 68
67 16
16 47
71 72
72 18
10 26
26 32
53 54
54 94
41 51
51 104
85 107
85 86
86 75
59 99
99 101
34 42
42 32
44 42
28 13
21 65
21 76
65 35
76 71
75 60
60 15
0 89
89 39
68 24
79 80
80 100
74 80
23 12
24 48
27 7
48 28
95 67
91 96
96 92
25 46
25 95
46 61
105 74
77 84
84 34
49 78
78 50
70 22
22 103
66 34
6 8
6 19
8 21
30 98
43 62
62 56
61 53
92 48
97 98
98 9
63 4
63 64
4 69
4 11
64 36
15 33
33 37
33 66
32 52
104 44
103 25
106 27
100 90
90 97
3 45
3 5
17 63
93 58
58 73
69 57
57 93
57 81
31 1
31 77
18 14
88 18
45 87
45 91
87 88
87 6
81 23
81 85
35 59
36 49
56 44
73 29
29 43
50 41
