Minimum level: 6
Runtime (sec): 0.5739877909654751
Support network with minimum level
94 24
24 52
104 24
107 9
34 108
108 18
44 16
16 7
92 16
41 27
27 51
103 42
42 45
72 104
0 1
0 17
1 28
17 70
17 21
52 86
86 107
93 86
78 94
7 14
7 22
22 49
59 60
60 84
28 82
51 91
87 83
87 88
83 90
88 31
19 79
79 26
64 80
80 58
26 12
25 63
63 15
89 53
53 25
53 54
90 32
84 77
29 103
29 67
67 71
105 35
35 92
55 106
106 97
97 98
98 56
95 96
96 44
56 102
31 20
77 36
58 32
32 11
49 85
85 13
85 93
73 74
74 50
61 66
66 62
15 30
30 81
101 48
48 18
102 38
71 72
71 47
43 68
68 8
57 75
75 76
62 46
99 62
18 100
100 4
45 65
45 61
65 73
65 99
91 3
3 5
3 6
6 10
69 57
70 34
21 2
10 87
50 19
23 43
23 39
39 78
20 40
40 69
36 55
2 29
2 41
54 59
82 23
81 37
37 105
76 64
47 101
47 89
33 34
46 95
38 33
