Minimum level: 7
Runtime (sec): 0.29263954202178866
Support network with minimum level
33 6
33 40
40 89
39 100
100 72
99 38
38 86
37 74
74 14
73 45
45 20
98 62
62 56
77 62
30 78
78 99
96 29
29 65
85 91
91 36
86 88
43 4
43 81
81 82
24 70
70 27
69 43
27 57
27 32
57 75
32 68
31 11
41 1
1 3
1 51
93 64
64 42
89 94
94 90
58 34
34 2
3 5
3 47
5 8
5 60
47 59
47 33
23 69
60 24
72 79
71 72
95 96
83 76
76 84
84 15
54 22
22 26
21 52
52 95
51 23
44 39
56 18
18 42
61 98
97 92
92 48
36 80
35 66
66 28
65 7
7 17
7 55
8 85
8 9
59 97
50 30
68 87
67 16
16 46
15 71
25 77
48 35
49 25
49 50
75 83
26 58
17 73
17 61
55 13
20 44
82 46
19 31
42 54
53 54
28 26
9 63
9 12
90 80
79 37
88 53
87 21
63 19
63 93
80 10
0 41
0 67
46 49
