Minimum level: 2
Runtime (sec): 15.821990875003394
Support network with minimum level
43 31
31 46
22 44
44 25
30 38
38 3
37 18
18 64
15 16
16 39
67 68
68 15
71 72
72 56
53 54
54 28
23 10
45 37
46 42
39 40
39 19
40 47
19 26
19 43
32 12
12 20
7 27
27 34
28 24
24 11
58 36
36 13
20 22
42 20
4 7
65 66
66 8
61 62
62 56
51 48
51 52
48 35
52 21
2 30
29 17
17 71
17 69
59 2
59 60
60 70
57 58
35 14
25 57
0 67
0 49
49 55
41 45
55 29
55 65
64 50
50 59
21 33
33 4
5 23
5 9
63 32
34 28
26 1
1 53
1 5
47 51
47 63
70 61
69 41
56 6
