Minimum level: 3
Runtime (sec): 0.6951196669833735
Support network with minimum level
88 38
38 47
37 76
76 33
75 6
6 83
0 95
0 2
95 55
2 25
70 68
68 56
67 22
22 24
21 89
89 7
85 65
65 66
90 86
86 58
16 34
34 82
33 88
87 61
61 62
40 31
31 13
31 32
57 11
57 90
7 14
79 49
49 87
96 80
80 20
83 51
83 84
51 27
84 52
27 35
4 71
71 8
66 44
44 28
28 26
48 28
52 50
50 4
62 92
35 36
36 42
25 15
25 93
56 48
47 77
77 78
78 69
69 17
5 9
5 79
29 39
29 59
39 40
39 53
59 67
53 43
53 54
43 64
54 16
20 18
19 30
30 12
64 30
72 10
58 46
46 16
18 72
15 23
23 41
23 63
1 5
1 60
60 75
93 81
93 94
81 85
94 29
45 57
55 1
74 42
42 91
82 19
32 45
73 74
41 37
26 21
63 24
24 96
17 73
92 70
91 3
