Minimum level: 7
Runtime (sec): 3.623936042014975
Support network with minimum level
96 68
68 54
20 68
94 34
34 43
33 38
38 11
37 44
44 97
43 10
47 49
49 73
107 24
24 35
105 108
108 93
16 106
106 5
70 40
40 87
39 40
60 28
28 55
75 17
75 76
17 21
76 84
81 82
82 37
0 29
29 23
29 98
4 6
6 27
6 86
88 16
27 39
27 79
86 94
85 63
63 77
80 20
42 20
73 74
101 48
48 46
91 102
102 60
36 92
92 51
21 31
79 18
18 50
61 80
30 62
62 2
31 3
3 66
35 32
32 4
46 36
83 111
111 100
84 42
23 103
23 57
98 30
97 91
25 53
25 26
53 85
26 33
66 112
65 47
74 72
72 54
54 14
78 9
8 36
52 22
22 70
89 60
55 90
90 56
57 41
57 58
41 1
41 81
58 50
71 78
77 45
45 99
45 67
112 12
100 8
99 109
109 101
93 104
104 64
103 65
2 95
2 110
67 59
67 96
59 89
59 15
95 83
56 52
1 69
1 19
69 75
19 61
19 25
110 7
51 13
15 107
87 88
50 105
64 71
