0 27
0 55
1 5
1 42
2 4
2 23
3 41
3 56
6 9
6 70
9 29
9 57
10 11
10 32
15 13
15 43
16 31
17 51
17 59
18 45
19 67
19 78
20 25
21 33
21 72
22 16
23 3
23 47
24 22
25 38
25 71
26 24
27 2
27 48
28 15
29 17
29 30
30 69
31 50
31 76
32 44
33 20
33 73
34 16
35 34
35 63
36 24
37 35
37 38
38 26
39 40
39 53
40 37
41 7
41 42
42 6
43 62
43 64
44 12
45 52
45 60
46 58
47 48
47 61
48 28
49 39
49 50
50 32
51 14
51 52
52 46
53 18
53 65
54 36
55 1
55 75
56 30
57 28
57 58
58 68
59 49
59 60
60 36
61 26
61 62
62 44
63 54
63 64
64 74
65 54
65 66
66 22
67 20
67 68
68 34
69 40
69 70
70 77
71 10
71 72
72 66
73 46
73 74
74 19
75 56
75 76
76 8
77 21
77 78
78 18
