0 17
0 55
1 3
1 34
2 39
2 63
3 7
3 15
4 19
4 27
7 23
7 74
11 56
11 70
15 8
15 38
16 6
17 1
17 18
18 49
19 40
19 47
20 48
21 22
21 62
22 30
23 12
23 33
24 76
25 26
25 29
26 41
27 5
27 61
28 44
29 24
29 30
30 11
31 32
31 50
32 4
33 43
33 51
34 37
35 36
35 53
36 16
37 32
37 38
38 28
39 40
39 59
40 20
41 35
41 42
42 54
43 60
43 66
44 18
45 46
45 57
46 24
47 45
47 68
48 52
49 50
49 71
50 21
51 34
51 67
52 14
53 54
53 72
54 31
55 2
55 56
56 13
57 16
57 58
58 9
59 26
59 64
60 73
61 28
61 62
62 10
63 42
63 64
64 60
65 52
65 66
66 77
67 68
67 69
68 48
69 65
69 70
70 20
71 36
71 72
72 46
73 44
73 74
74 22
75 25
75 78
76 58
77 75
77 78
78 76
