0 39
0 59
2 28
2 73
3 5
3 25
5 53
5 76
6 21
6 43
9 19
9 74
12 13
12 14
15 2
15 52
16 41
17 4
17 42
18 12
19 20
19 72
20 44
21 32
21 38
22 70
23 24
23 54
24 10
25 37
25 40
26 1
27 29
27 50
28 63
29 56
29 58
30 22
31 26
31 32
32 78
33 26
33 77
34 30
35 55
35 67
36 34
37 31
37 38
38 22
39 15
39 61
40 48
41 42
41 57
42 18
43 44
43 64
44 23
45 36
45 46
46 36
47 34
47 48
48 6
49 16
49 50
50 28
51 18
51 52
52 16
53 68
53 75
54 60
55 46
55 65
56 30
57 20
57 58
58 8
59 33
59 60
60 27
61 40
61 62
62 66
63 45
63 64
64 7
65 56
65 66
66 24
67 49
67 68
68 71
69 11
69 70
70 17
71 54
71 72
72 51
73 3
73 74
74 69
75 62
75 76
76 9
77 47
77 78
78 35
