0 2
0 34
1 37
1 67
2 16
2 55
3 30
3 71
4 9
4 63
5 25
5 31
6 36
6 40
15 10
15 47
16 19
17 26
17 54
18 13
19 20
19 23
20 18
21 44
21 49
22 17
23 3
23 42
24 51
25 38
25 58
26 6
27 53
27 70
28 33
29 30
29 41
30 28
31 12
31 32
32 7
33 34
33 74
34 1
35 29
35 56
36 48
37 22
37 75
38 43
39 50
39 68
40 45
41 42
41 52
42 66
43 44
43 46
44 60
45 77
45 78
46 24
47 16
47 48
48 8
49 35
49 57
50 61
51 11
51 52
52 14
53 54
53 59
54 20
55 65
55 69
56 36
57 50
57 62
58 26
59 21
59 60
60 22
61 5
61 76
62 58
63 15
63 72
64 24
65 4
65 66
66 64
67 39
67 68
68 40
69 56
69 70
70 28
71 27
71 72
72 64
73 32
73 74
74 18
75 38
75 76
76 62
77 46
77 78
78 73
