0 23
0 45
1 16
1 22
2 36
2 68
4 11
4 12
6 8
6 57
7 9
7 42
9 13
9 33
15 1
15 37
16 31
17 35
17 71
18 3
19 21
19 58
20 25
21 20
21 56
22 44
23 20
23 70
24 22
25 17
25 26
26 47
27 15
27 59
28 53
29 18
29 30
30 52
31 32
31 51
32 7
33 40
33 76
34 77
35 49
35 54
36 41
37 16
37 38
38 28
39 40
39 43
40 26
41 38
41 48
42 75
43 2
43 44
44 4
45 27
45 46
46 18
47 14
47 48
48 42
49 36
49 61
50 28
51 19
51 55
52 64
53 6
53 62
54 46
55 52
55 72
56 63
57 58
57 67
58 29
59 50
59 60
60 32
61 50
61 62
62 78
63 64
63 73
64 65
65 5
65 66
66 24
67 68
67 69
68 34
69 60
69 70
70 74
71 39
71 72
72 56
73 66
73 74
74 24
75 10
75 76
76 34
77 30
77 78
78 54
