0 2
0 15
1 22
1 38
2 23
2 37
3 5
3 53
5 7
5 26
6 49
6 56
9 32
9 55
15 57
15 65
16 8
17 9
17 18
18 10
19 66
19 67
20 58
21 27
21 34
22 28
23 3
23 24
24 19
25 35
25 75
26 76
27 36
27 72
28 24
29 30
29 78
30 74
31 14
31 32
32 50
33 11
33 34
34 73
35 44
35 70
36 41
37 4
37 39
38 69
39 40
39 54
40 64
41 40
41 42
42 47
43 36
43 51
44 22
45 26
45 46
46 43
47 48
47 61
48 68
49 17
49 50
50 21
51 44
51 52
52 62
53 6
53 54
54 38
55 31
55 56
56 30
57 1
57 58
58 16
59 29
59 77
60 25
61 20
61 62
62 16
63 18
63 64
64 13
65 48
65 71
66 42
67 12
67 68
68 20
69 33
69 70
70 46
71 66
71 72
72 59
73 60
73 74
74 63
75 45
75 76
76 52
77 60
77 78
78 28
