0 2
0 17
1 48
1 73
2 7
2 59
3 5
3 6
5 22
5 40
7 10
7 19
10 50
10 71
15 11
15 30
16 18
17 1
17 67
18 32
19 9
19 34
20 72
21 20
21 22
22 46
23 24
23 69
24 27
25 29
25 36
26 41
27 8
27 57
28 31
29 47
29 75
30 16
31 3
31 32
32 13
33 34
33 53
34 43
35 14
35 78
36 18
37 15
37 74
38 76
39 51
39 68
40 20
41 45
41 64
42 12
43 44
43 60
44 42
45 46
45 62
46 16
47 26
47 48
48 54
49 39
49 50
50 56
51 40
51 52
52 30
53 54
53 63
54 28
55 56
55 61
56 44
57 28
57 66
58 36
59 24
59 60
60 21
61 25
61 62
62 4
63 55
63 64
64 42
65 52
65 66
66 58
67 33
67 68
68 23
69 38
69 70
70 26
71 37
71 72
72 35
73 49
73 74
74 38
75 65
75 76
76 77
77 70
77 78
78 58
