0 37
0 39
1 18
1 23
2 21
2 57
3 20
3 47
4 8
4 58
9 16
9 55
12 13
12 14
15 22
15 67
16 36
17 18
17 64
18 26
19 20
19 38
20 5
21 9
21 52
22 30
23 24
23 65
24 53
25 59
25 62
26 76
27 15
27 54
28 26
29 46
29 60
30 19
31 32
31 43
32 6
33 17
33 34
34 12
35 33
35 36
36 56
37 1
37 50
38 34
39 24
39 40
40 27
41 31
41 68
42 45
43 28
43 66
44 11
45 35
45 46
46 72
47 42
47 48
48 78
49 25
49 50
50 38
51 52
51 69
52 49
53 51
53 54
54 41
55 40
55 74
56 44
57 58
57 61
58 71
59 63
59 75
60 30
61 48
61 62
62 73
63 60
63 64
64 32
65 3
65 66
66 44
67 16
67 68
68 42
69 2
69 70
70 7
71 29
71 72
72 70
73 28
73 74
74 56
75 22
75 76
76 77
77 4
77 78
78 10
