0 23
0 28
1 4
1 15
2 27
2 47
3 21
3 62
4 34
4 38
6 7
6 8
7 22
7 70
15 16
15 49
16 78
17 6
17 45
18 26
19 18
19 65
20 46
21 33
21 69
22 11
23 2
23 55
24 1
25 18
25 26
26 10
27 37
27 42
28 24
29 30
29 68
30 52
31 39
31 67
32 63
33 17
33 34
34 30
35 32
35 73
36 74
37 28
37 38
38 9
39 32
39 40
40 53
41 42
41 60
42 66
43 13
43 44
44 14
45 19
45 46
46 75
47 48
47 59
48 77
49 50
49 72
50 16
51 40
51 52
52 54
53 5
53 54
54 50
55 56
55 71
56 20
57 35
57 58
58 20
59 31
59 60
60 36
61 48
61 62
62 29
63 24
63 64
64 44
65 61
65 66
66 43
67 64
67 68
68 51
69 22
69 70
70 58
71 57
71 72
72 3
73 41
73 76
74 12
75 36
75 76
76 74
77 56
77 78
78 25
