0 41
0 75
1 11
1 60
2 40
2 59
3 67
3 70
4 5
4 44
6 15
6 29
10 14
10 64
15 7
15 37
16 36
17 34
17 51
18 25
19 4
19 20
20 16
21 22
21 38
22 49
23 54
23 66
24 58
25 30
25 65
26 77
27 26
27 28
28 10
29 30
29 31
30 27
31 8
31 32
32 12
33 34
33 50
34 48
35 2
35 39
36 3
37 52
37 55
38 56
39 36
39 53
40 26
41 35
41 42
42 78
43 33
43 44
44 17
45 46
45 61
46 18
47 48
47 63
48 6
49 16
49 50
50 1
51 47
51 52
52 46
53 54
53 76
54 19
55 45
55 56
56 73
57 9
57 68
58 32
59 23
59 60
60 24
61 62
61 69
62 22
63 18
63 64
64 13
65 62
65 66
66 74
67 28
67 71
68 72
69 38
69 70
70 57
71 68
71 72
72 58
73 20
73 74
74 24
75 43
75 76
76 40
77 42
77 78
78 21
