0 23
0 63
1 3
1 4
2 6
2 37
4 51
4 54
6 12
6 60
8 9
8 18
11 15
11 34
15 38
15 42
16 76
17 18
17 77
18 72
19 39
19 45
20 56
21 28
21 47
22 73
23 21
23 40
24 1
25 36
25 46
26 22
27 28
27 50
28 2
29 24
29 30
30 35
31 5
31 44
32 20
33 14
33 62
34 58
35 26
35 36
36 70
37 38
37 64
38 33
39 40
39 49
40 29
41 17
41 42
42 48
43 44
43 69
44 32
45 16
45 61
46 26
47 22
47 48
48 68
49 32
49 50
50 24
51 52
51 55
52 78
53 54
53 71
54 25
55 20
55 74
56 8
57 11
57 58
58 13
59 27
59 60
60 75
61 53
61 62
62 34
63 59
63 64
64 19
65 31
65 66
66 52
67 46
67 68
68 16
69 41
69 70
70 66
71 67
71 72
72 10
73 57
73 74
74 56
75 43
75 76
76 65
77 30
77 78
78 7
