0 2
0 49
1 18
1 36
2 17
2 46
3 51
3 64
4 45
4 61
6 7
6 33
7 27
7 53
15 6
15 69
16 20
17 18
17 73
18 59
19 10
19 40
20 21
21 22
21 48
22 3
23 19
23 24
24 43
25 24
25 26
26 22
27 28
27 68
28 50
29 30
29 42
30 71
31 4
31 32
32 62
33 41
33 58
34 63
35 36
35 56
36 28
37 32
37 72
38 39
39 11
39 40
40 74
41 42
41 70
42 34
43 26
43 44
44 14
45 16
45 46
46 57
47 29
47 48
48 9
49 1
49 50
50 52
51 35
51 78
52 5
53 12
53 54
54 77
55 38
55 56
56 54
57 25
57 58
58 8
59 15
59 60
60 31
61 47
61 65
62 16
63 23
63 64
64 13
65 66
65 67
66 37
67 62
67 68
68 30
69 66
69 70
70 75
71 55
71 76
72 38
73 60
73 74
74 20
75 34
75 76
76 72
77 44
77 78
78 52
