0 2
0 21
2 3
2 15
3 6
3 70
6 7
6 35
7 45
7 73
9 12
9 75
10 14
10 44
15 18
15 60
16 10
17 19
17 56
18 36
19 20
19 67
20 38
21 17
21 63
22 40
23 24
23 25
24 46
25 13
25 26
26 24
27 28
27 41
28 66
29 30
29 78
30 1
31 47
31 50
32 30
33 27
33 34
34 39
35 8
35 36
36 48
37 4
37 52
38 28
39 54
39 65
40 62
41 37
41 42
42 23
43 11
43 44
44 29
45 51
45 55
46 32
47 48
47 58
48 16
49 50
49 61
50 32
51 46
51 52
52 57
53 40
53 76
54 26
55 9
55 56
56 64
57 38
57 58
58 49
59 60
59 71
60 74
61 62
61 69
62 5
63 64
63 68
64 18
65 53
65 66
66 42
67 72
67 77
68 59
69 43
69 70
70 22
71 22
71 72
72 34
73 16
73 74
74 33
75 31
75 76
76 54
77 68
77 78
78 20
