0 1
0 2
1 4
1 37
2 6
2 47
5 9
5 10
6 25
6 63
8 19
8 29
9 41
9 65
15 24
15 42
16 50
17 18
17 28
18 15
19 18
19 55
20 5
21 27
21 30
22 16
23 21
23 71
24 22
25 33
25 48
26 62
27 20
27 28
28 12
29 13
29 30
30 68
31 56
31 58
32 17
33 26
33 34
34 52
35 36
35 64
36 16
37 44
37 77
38 23
39 7
39 40
40 3
41 32
41 57
42 14
43 34
43 44
44 49
45 38
45 60
46 54
47 20
47 48
48 8
49 50
49 51
50 11
51 45
51 53
52 74
53 52
53 54
54 72
55 43
55 56
56 38
57 42
57 58
58 35
59 60
59 61
60 75
61 67
61 69
62 46
63 39
63 73
64 59
65 36
65 66
66 76
67 62
67 68
68 70
69 32
69 70
70 78
71 26
71 72
72 66
73 64
73 74
74 31
75 46
75 76
76 24
77 40
77 78
78 22
