0 2
0 43
1 6
1 21
2 4
2 64
4 33
4 57
5 22
5 50
9 15
9 27
11 13
11 24
15 28
15 30
16 48
17 5
17 18
18 12
19 11
19 20
20 45
21 22
21 40
22 10
23 24
23 46
24 26
25 19
25 26
26 42
27 16
27 55
28 16
29 30
29 66
30 18
31 32
31 34
32 62
33 34
33 63
34 39
35 36
35 47
36 73
37 17
37 72
38 25
39 23
39 59
40 51
41 42
41 70
42 20
43 1
43 54
44 58
45 44
45 46
46 7
47 41
47 52
48 38
49 50
49 67
50 9
51 52
51 71
52 48
53 37
53 54
54 44
55 28
55 56
56 68
57 8
57 65
58 29
59 40
59 76
60 38
61 31
61 62
62 53
63 61
63 69
64 36
65 58
65 66
66 14
67 56
67 68
68 3
69 64
69 70
70 32
71 35
71 74
72 60
73 75
73 78
74 72
75 49
75 76
76 77
77 60
77 78
78 74
