0 1
0 75
1 44
1 73
2 53
2 68
3 5
3 19
5 20
5 65
7 66
7 69
8 9
8 43
15 71
15 72
16 48
17 10
17 32
18 60
19 6
19 36
20 11
21 12
21 24
22 13
23 3
23 70
24 22
25 8
25 26
26 21
27 17
27 28
28 14
29 25
29 30
30 59
31 2
31 32
32 18
33 34
33 55
34 52
35 38
35 76
36 20
37 26
37 58
38 36
39 40
39 64
40 28
41 42
41 47
42 18
43 41
43 44
44 33
45 16
45 67
46 50
47 48
47 51
48 7
49 23
49 50
50 16
51 15
51 52
52 30
53 49
53 54
54 27
55 45
55 56
56 57
57 40
57 63
58 62
59 31
59 60
60 46
61 39
61 78
62 38
63 58
63 64
64 37
65 66
65 77
66 35
67 46
67 68
68 4
69 22
69 70
70 24
71 72
71 74
72 42
73 29
73 74
74 54
75 34
75 76
76 56
77 61
77 78
78 62
