0 15
0 56
1 6
1 32
2 39
2 71
4 13
4 30
6 7
6 20
8 10
8 29
9 22
9 25
15 2
15 69
16 63
17 27
17 53
18 46
19 20
19 49
20 47
21 22
21 67
22 24
23 3
23 60
24 35
25 26
25 28
26 59
27 28
27 50
28 34
29 21
29 30
30 54
31 8
31 72
32 5
33 23
33 73
34 38
35 17
35 36
36 18
37 9
37 44
38 52
39 43
39 45
40 32
41 1
41 42
42 16
43 44
43 55
44 38
45 62
45 78
46 4
47 31
47 48
48 75
49 18
49 57
50 12
51 19
51 52
52 11
53 36
53 76
54 14
55 56
55 65
56 41
57 50
57 66
58 40
59 16
59 60
60 70
61 48
61 62
62 40
63 33
63 64
64 24
65 51
65 66
66 58
67 37
67 68
68 74
69 42
69 70
70 64
71 26
71 72
72 61
73 74
73 77
74 58
75 68
75 76
76 54
77 34
77 78
78 46
