0 79
0 83
1 90
1 93
2 3
2 38
3 5
3 6
4 80
4 82
5 23
5 28
10 46
10 75
15 21
15 22
16 48
17 12
17 26
18 4
19 30
19 66
20 56
21 16
21 53
22 25
23 24
23 81
24 47
25 35
25 67
26 18
27 15
27 57
28 96
29 13
29 95
30 77
31 29
31 32
32 60
33 9
33 51
34 63
35 49
35 54
36 17
37 38
37 73
38 52
39 40
39 85
40 70
41 42
41 64
42 11
43 44
43 58
44 50
45 46
45 59
46 36
47 16
47 48
48 71
49 61
49 78
50 20
51 34
51 52
52 45
53 22
53 54
54 84
55 8
55 56
56 7
57 28
57 58
58 32
59 18
59 60
60 55
61 26
61 62
62 50
63 64
63 86
64 36
65 66
65 76
66 43
67 87
67 88
68 74
69 27
69 89
70 41
71 42
71 72
72 19
73 69
73 74
74 34
75 24
75 76
76 44
77 65
77 78
78 62
79 1
79 80
80 20
81 31
81 94
82 72
83 84
83 91
84 40
85 86
85 92
86 2
87 68
87 88
88 33
89 70
89 90
90 10
91 68
91 92
92 37
93 39
93 94
94 82
95 30
95 96
96 14
