0 19
0 29
2 47
2 51
3 20
3 71
4 33
4 35
5 9
5 45
6 18
6 85
12 66
12 84
15 7
15 59
16 12
17 6
17 96
18 72
19 20
19 61
20 90
21 30
21 93
22 18
23 42
23 86
24 70
25 26
25 44
26 36
27 38
27 91
28 87
29 50
29 65
30 41
31 55
31 75
32 76
33 5
33 79
34 67
35 37
35 58
36 28
37 17
37 48
38 94
39 30
39 74
40 31
41 4
41 42
42 57
43 34
43 44
44 40
45 43
45 46
46 88
47 21
47 48
48 38
49 2
49 50
50 69
51 3
51 52
52 15
53 78
53 80
54 1
55 53
55 56
56 62
57 16
57 60
58 36
59 27
59 68
60 58
61 54
61 62
62 52
63 64
63 77
64 28
65 49
65 66
66 26
67 68
67 73
68 60
69 81
69 95
70 8
71 24
71 72
72 25
73 32
73 74
74 40
75 23
75 76
76 10
77 32
77 78
78 54
79 34
79 80
80 63
81 39
81 82
82 83
83 70
83 84
84 46
85 86
85 89
86 24
87 14
87 88
88 13
89 11
89 90
90 56
91 64
91 92
92 16
93 22
93 94
94 92
95 82
95 96
96 22
