0 1
0 32
1 4
1 67
4 6
4 65
5 8
5 56
7 15
7 78
8 72
8 87
10 60
10 96
15 49
15 77
16 30
17 31
17 33
18 54
19 28
19 68
20 13
21 22
21 89
22 27
23 42
23 79
24 90
25 26
25 76
26 37
27 47
27 61
28 66
29 30
29 81
30 20
31 35
31 43
32 85
33 18
33 82
34 83
35 39
35 52
36 41
37 36
37 38
38 28
39 40
39 69
40 5
41 16
41 42
42 19
43 51
43 59
44 88
45 62
45 63
46 50
47 38
47 94
48 25
49 9
49 50
50 2
51 40
51 52
52 32
53 12
53 80
54 11
55 17
55 56
56 7
57 46
57 58
58 36
59 44
59 60
60 26
61 45
61 62
62 84
63 64
63 91
64 20
65 71
65 73
66 24
67 21
67 68
68 18
69 75
69 93
70 66
71 70
71 72
72 22
73 55
73 74
74 16
75 58
75 76
76 23
77 74
77 86
78 34
79 24
79 80
80 54
81 82
81 95
82 34
83 10
83 84
84 57
85 29
85 86
86 78
87 53
87 92
88 64
89 3
89 90
90 44
91 48
91 92
92 88
93 70
93 94
94 48
95 46
95 96
96 14
