0 51
0 69
1 58
1 61
2 10
2 95
4 22
4 30
6 67
6 85
10 11
10 86
11 13
11 19
15 12
15 60
16 3
17 18
17 35
18 9
19 55
19 82
20 28
21 1
21 24
22 40
23 34
23 53
24 36
25 47
25 90
26 83
27 28
27 89
28 74
29 71
29 79
30 94
31 2
31 43
32 88
33 32
33 72
34 77
35 36
35 38
36 22
37 38
37 52
38 62
39 40
39 78
40 26
41 75
41 93
42 54
43 32
43 44
44 4
45 37
45 46
46 87
47 56
47 70
48 29
49 50
49 57
50 59
51 45
51 52
52 41
53 50
53 64
54 27
55 46
55 63
56 33
57 16
57 58
58 44
59 18
59 60
60 76
61 62
61 92
62 8
63 56
63 64
64 66
65 39
65 66
66 54
67 68
67 84
68 15
69 31
69 70
70 48
71 20
71 72
72 34
73 74
73 81
74 21
75 73
75 76
76 16
77 42
77 78
78 20
79 80
79 96
80 17
81 42
81 82
82 65
83 5
83 84
84 7
85 80
85 86
86 68
87 25
87 91
88 26
89 24
89 90
90 14
91 88
91 92
92 49
93 48
93 94
94 6
95 23
95 96
96 30
