0 25
0 63
2 4
2 19
4 5
4 43
5 30
5 59
6 40
6 45
8 37
8 50
9 48
9 52
15 16
15 55
16 90
17 2
17 36
18 72
19 34
19 71
20 29
21 53
21 85
22 51
23 24
23 84
24 20
25 39
25 49
26 47
27 70
27 78
28 14
29 30
29 57
30 80
31 6
31 32
32 12
33 18
33 34
34 42
35 13
35 36
36 26
37 38
37 77
38 93
39 41
39 62
40 44
41 42
41 54
42 60
43 31
43 87
44 22
45 21
45 46
46 20
47 38
47 48
48 11
49 26
49 50
50 35
51 46
51 61
52 65
53 22
53 54
54 40
55 9
55 56
56 52
57 15
57 58
58 73
59 7
59 60
60 16
61 79
61 91
62 23
63 17
63 67
64 68
65 27
65 74
66 10
67 64
67 68
68 95
69 62
69 96
70 18
71 64
71 72
72 89
73 28
73 74
74 92
75 76
75 88
76 58
77 76
77 78
78 28
79 69
79 80
80 8
81 82
81 94
82 33
83 70
83 84
84 1
85 66
85 86
86 24
87 44
87 88
88 83
89 32
89 90
90 3
91 81
91 92
92 66
93 82
93 94
94 56
95 86
95 96
96 75
