0 21
0 87
1 18
1 96
2 39
2 45
4 54
4 81
5 8
5 56
8 53
8 79
12 13
12 31
15 16
15 89
16 42
17 18
17 77
18 36
19 49
19 66
20 88
21 33
21 50
22 4
23 24
23 60
24 38
25 27
25 30
26 93
27 26
27 28
28 76
29 30
29 55
30 16
31 15
31 32
32 82
33 43
33 52
34 3
35 20
35 36
36 75
37 34
37 86
38 6
39 47
39 72
40 80
41 26
41 57
42 1
43 37
43 73
44 84
45 17
45 51
46 9
47 48
47 85
48 92
49 50
49 83
50 22
51 46
51 52
52 70
53 44
53 94
54 64
55 56
55 95
56 7
57 42
57 58
58 71
59 54
59 60
60 63
61 58
61 62
62 12
63 62
63 64
64 28
65 14
65 66
66 35
67 59
67 68
68 22
69 40
69 70
70 25
71 44
71 72
72 91
73 61
73 74
74 34
75 74
75 76
76 20
77 41
77 78
78 29
79 78
79 80
80 48
81 10
81 82
82 65
83 23
83 84
84 90
85 24
85 86
86 40
87 2
87 88
88 46
89 32
89 90
90 11
91 69
91 92
92 38
93 5
93 94
94 67
95 19
95 96
96 68
