0 2
0 86
2 3
2 65
3 70
3 74
4 8
4 91
6 31
6 77
7 42
7 52
8 67
8 85
15 22
15 33
16 43
17 18
17 54
18 38
19 69
19 89
20 27
21 22
21 37
22 53
23 57
23 59
24 49
25 21
25 26
26 1
27 28
27 41
28 10
29 30
29 50
30 15
31 16
31 39
32 46
33 32
33 78
34 26
35 24
35 36
36 34
37 30
37 63
38 9
39 32
39 61
40 58
41 7
41 84
42 18
43 35
43 44
44 56
45 73
45 75
46 62
47 48
47 88
48 28
49 72
49 93
50 11
51 4
51 87
52 48
53 17
53 54
54 44
55 52
55 56
56 20
57 45
57 58
58 25
59 5
59 71
60 95
61 60
61 62
62 16
63 64
63 79
64 94
65 51
65 66
66 60
67 13
67 96
68 34
69 20
69 70
70 23
71 72
71 83
72 50
73 74
73 76
74 90
75 46
75 76
76 82
77 47
77 78
78 64
79 38
79 80
80 36
81 40
81 82
82 24
83 66
83 84
84 42
85 19
85 86
86 68
87 55
87 88
88 29
89 14
89 92
90 6
91 81
91 92
92 90
93 12
93 94
94 80
95 40
95 96
96 68
