0 54
0 59
1 3
1 21
2 8
2 69
3 53
3 90
4 35
4 61
5 32
5 70
6 20
6 63
15 22
15 56
16 64
17 26
17 31
18 23
19 20
19 43
20 17
21 4
21 86
22 89
23 7
23 24
24 9
25 26
25 40
26 12
27 47
27 82
28 73
29 55
29 72
30 18
31 18
31 74
32 10
33 34
33 51
34 44
35 38
35 84
36 19
37 16
37 52
38 66
39 40
39 68
40 14
41 2
41 42
42 79
43 44
43 76
44 30
45 30
45 46
46 28
47 42
47 48
48 5
49 50
49 57
50 39
51 71
51 81
52 93
53 6
53 54
54 27
55 41
55 56
56 87
57 25
57 67
58 94
59 60
59 83
60 92
61 13
61 62
62 36
63 11
63 64
64 78
65 62
65 80
66 15
67 58
67 88
68 32
69 37
69 70
70 60
71 52
71 72
72 45
73 36
73 74
74 50
75 46
75 96
76 34
77 78
77 91
78 75
79 80
79 85
80 66
81 1
81 82
82 29
83 33
83 84
84 65
85 28
85 86
86 58
87 77
87 88
88 68
89 16
89 90
90 48
91 49
91 92
92 95
93 38
93 94
94 22
95 24
95 96
96 76
