0 2
0 19
2 3
2 16
3 51
3 56
6 28
6 36
8 18
8 49
9 38
9 90
10 59
10 75
15 33
15 78
16 30
17 20
17 69
18 10
19 21
19 23
20 62
21 20
21 52
22 60
23 17
23 61
24 64
25 24
25 77
26 27
27 11
27 47
28 54
29 5
29 39
30 4
31 32
31 42
32 89
33 58
33 82
34 22
35 18
35 96
36 8
37 36
37 38
38 22
39 40
39 86
40 71
41 42
41 57
42 80
43 44
43 67
44 14
45 81
45 87
46 1
47 63
47 83
48 13
49 15
49 74
50 93
51 79
51 95
52 34
53 16
53 54
54 7
55 35
55 56
56 70
57 25
57 72
58 34
59 31
59 88
60 94
61 24
61 62
62 55
63 40
63 64
64 12
65 76
65 91
66 43
67 46
67 85
68 9
69 66
69 73
70 32
71 28
71 72
72 58
73 70
73 74
74 50
75 50
75 76
76 66
77 26
77 78
78 68
79 45
79 80
80 26
81 6
81 82
82 53
83 48
83 84
84 60
85 68
85 86
86 30
87 46
87 88
88 84
89 29
89 90
90 44
91 37
91 92
92 48
93 41
93 94
94 92
95 52
95 96
96 65
