0 67
0 81
1 5
1 44
2 3
2 75
3 88
3 96
4 12
4 50
5 22
5 27
12 26
12 70
15 16
15 79
16 14
17 18
17 57
18 66
19 24
19 37
20 47
21 31
21 33
22 28
23 24
23 30
24 4
25 10
25 26
26 18
27 29
27 80
28 25
29 83
29 86
30 22
31 19
31 32
32 13
33 34
33 36
34 16
35 56
35 76
36 58
37 38
37 62
38 23
39 65
39 90
40 52
41 1
41 42
42 54
43 44
43 68
44 48
45 46
45 60
46 43
47 45
47 53
48 92
49 50
49 51
50 11
51 15
51 82
52 64
53 54
53 77
54 71
55 9
55 56
56 36
57 41
57 59
58 39
59 60
59 84
60 55
61 46
61 62
62 74
63 17
63 64
64 7
65 40
65 66
66 32
67 85
67 94
68 28
69 63
69 70
70 72
71 38
71 72
72 34
73 61
73 74
74 20
75 21
75 87
76 6
77 48
77 78
78 58
79 69
79 80
80 73
81 2
81 82
82 52
83 91
83 93
84 78
85 49
85 86
86 30
87 76
87 89
88 40
89 88
89 90
90 42
91 84
91 92
92 35
93 94
93 95
94 68
95 20
95 96
96 8
