0 2
0 55
1 15
1 22
2 6
2 25
6 21
6 69
8 48
8 66
10 11
10 16
11 64
11 80
15 59
15 79
16 92
17 10
17 68
18 56
19 39
19 65
20 43
21 7
21 57
22 32
23 24
23 34
24 14
25 30
25 83
26 96
27 22
27 71
28 1
29 30
29 60
30 72
31 37
31 93
32 76
33 18
33 34
34 5
35 4
35 52
36 18
37 38
37 87
38 3
39 40
39 44
40 82
41 78
41 86
42 12
43 13
43 44
44 38
45 51
45 73
46 20
47 48
47 70
48 17
49 19
49 50
50 16
51 52
51 85
52 53
53 36
53 74
54 20
55 28
55 94
56 63
57 27
57 58
58 28
59 29
59 60
60 35
61 26
61 62
62 8
63 46
63 77
64 41
65 66
65 90
66 88
67 61
67 68
68 33
69 40
69 70
70 54
71 45
71 72
72 31
73 75
73 95
74 54
75 46
75 81
76 49
77 64
77 91
78 42
79 80
79 89
80 36
81 76
81 82
82 62
83 67
83 84
84 47
85 58
85 86
86 24
87 32
87 88
88 9
89 26
89 90
90 84
91 78
91 92
92 42
93 23
93 94
94 56
95 74
95 96
96 50
