0 29
0 59
1 19
1 24
2 37
2 53
4 68
4 87
5 58
5 75
7 39
7 62
10 21
10 45
15 40
15 57
16 69
17 81
17 88
18 25
19 7
19 23
20 43
21 36
21 56
22 6
23 20
23 76
24 26
25 72
25 89
26 30
27 48
27 63
28 35
29 47
29 50
30 34
31 32
31 49
32 55
33 28
33 34
34 84
35 16
35 74
36 22
37 4
37 51
38 78
39 42
39 71
40 33
41 42
41 79
42 40
43 44
43 95
44 73
45 18
45 83
46 96
47 41
47 48
48 28
49 13
49 50
50 30
51 38
51 52
52 65
53 3
53 54
54 46
55 11
55 56
56 64
57 52
57 58
58 85
59 1
59 61
60 12
61 60
61 62
62 66
63 16
63 64
64 70
65 66
65 94
66 9
67 68
67 77
68 22
69 20
69 70
70 86
71 15
71 91
72 26
73 18
73 74
74 36
75 90
75 93
76 24
77 2
77 78
78 32
79 27
79 80
80 54
81 60
81 82
82 10
83 80
83 84
84 8
85 17
85 86
86 92
87 5
87 88
88 44
89 46
89 90
90 76
91 72
91 92
92 14
93 38
93 94
94 82
95 67
95 96
96 31
