0 1
0 37
1 17
1 23
3 5
3 96
4 7
4 16
5 69
5 95
6 9
6 15
7 11
7 12
15 25
15 35
16 72
17 20
17 33
18 90
19 39
19 54
20 64
21 18
21 86
22 88
23 3
23 58
24 55
25 10
25 46
26 16
27 48
27 49
28 26
29 21
29 30
30 42
31 13
31 83
32 57
33 50
33 59
34 28
35 43
35 80
36 20
37 2
37 87
38 82
39 31
39 70
40 34
41 34
41 62
42 8
43 18
43 44
44 89
45 32
45 67
46 28
47 24
47 71
48 41
49 19
49 56
50 40
51 52
51 75
52 92
53 32
53 68
54 22
55 36
55 66
56 50
57 22
57 94
58 73
59 44
59 60
60 76
61 48
61 62
62 42
63 36
63 64
64 4
65 74
65 91
66 79
67 52
67 78
68 93
69 14
69 70
70 85
71 81
71 84
72 30
73 65
73 74
74 38
75 45
75 76
76 40
77 60
77 78
78 68
79 56
79 80
80 63
81 72
81 82
82 24
83 53
83 84
84 61
85 77
85 86
86 51
87 38
87 88
88 47
89 29
89 90
90 26
91 66
91 92
92 46
93 54
93 94
94 58
95 27
95 96
96 6
