0 37
0 74
1 30
1 55
2 19
2 91
3 78
3 86
6 8
6 18
7 24
7 26
9 72
9 81
15 20
15 56
16 4
17 9
17 83
18 90
19 38
19 59
20 36
21 31
21 73
22 33
23 51
23 60
24 54
25 2
25 96
26 11
27 20
27 67
28 58
29 30
29 50
30 6
31 32
31 53
32 18
33 28
33 34
34 35
35 17
35 45
36 40
37 47
37 52
38 88
39 22
39 40
40 16
41 42
41 46
42 69
43 38
43 62
44 5
45 36
45 92
46 49
47 25
47 75
48 89
49 28
49 50
50 42
51 3
51 87
52 48
53 23
53 64
54 80
55 77
55 93
56 71
57 27
57 58
58 68
59 60
59 85
60 24
61 21
61 66
62 44
63 7
63 64
64 54
65 66
65 79
66 62
67 41
67 68
68 84
69 10
69 70
70 82
71 72
71 76
72 13
73 39
73 74
74 1
75 48
75 76
76 12
77 22
77 78
78 29
79 46
79 80
80 94
81 14
81 82
82 56
83 32
83 84
84 44
85 57
85 86
86 34
87 52
87 88
88 16
89 90
89 95
90 63
91 61
91 92
92 65
93 70
93 94
94 15
95 43
95 96
96 26
