0 1
0 51
1 3
1 4
2 31
2 44
4 91
4 92
5 15
5 68
9 21
9 23
10 52
10 88
15 62
15 80
16 13
17 22
17 79
18 28
19 20
19 76
20 8
21 41
21 46
22 33
23 24
23 26
24 34
25 14
25 26
26 64
27 59
27 60
28 63
29 30
29 65
30 73
31 18
31 61
32 12
33 2
33 34
34 67
35 16
35 36
36 7
37 17
37 38
38 18
39 19
39 58
40 45
41 42
41 71
42 6
43 16
43 44
44 50
45 35
45 54
46 48
47 69
47 78
48 11
49 40
49 50
50 55
51 52
51 81
52 25
53 83
53 89
54 46
55 5
55 56
56 20
57 58
57 94
58 49
59 60
59 84
60 66
61 77
61 86
62 95
63 42
63 64
64 74
65 9
65 66
66 10
67 30
67 68
68 56
69 32
69 70
70 62
71 22
71 72
72 93
73 82
73 85
74 57
75 43
75 76
76 32
77 72
77 78
78 48
79 38
79 80
80 96
81 37
81 90
82 27
83 84
83 87
84 28
85 74
85 86
86 70
87 24
87 88
88 75
89 54
89 90
90 82
91 53
91 92
92 29
93 47
93 94
94 39
95 40
95 96
96 36
