0 2
0 95
1 5
1 60
2 25
2 36
4 44
4 71
5 9
5 79
6 54
6 83
7 14
7 40
15 23
15 52
16 34
17 18
17 73
18 72
19 20
19 30
20 18
21 22
21 89
22 24
23 41
23 63
24 96
25 15
25 93
26 21
27 35
27 78
28 26
29 39
29 59
30 12
31 13
31 32
32 45
33 34
33 88
34 82
35 36
35 62
36 42
37 38
37 76
38 47
39 40
39 53
40 31
41 37
41 74
42 91
43 64
43 66
44 28
45 57
45 58
46 16
47 48
47 77
48 28
49 87
49 94
50 4
51 27
51 84
52 50
53 43
53 54
54 16
55 1
55 56
56 48
57 11
57 90
58 46
59 60
59 67
60 75
61 50
61 62
62 92
63 24
63 64
64 30
65 26
65 66
66 44
67 22
67 68
68 56
69 17
69 70
70 68
71 8
71 72
72 10
73 32
73 74
74 42
75 6
75 76
76 33
77 46
77 78
78 69
79 49
79 80
80 20
81 82
81 85
82 19
83 51
83 84
84 52
85 65
85 86
86 58
87 61
87 88
88 38
89 7
89 90
90 86
91 3
91 92
92 70
93 81
93 94
94 29
95 55
95 96
96 80
