0 2
0 82
1 75
1 78
2 31
2 39
3 17
3 29
4 8
4 15
5 27
5 77
6 52
6 80
15 22
15 45
16 21
17 16
17 94
18 16
19 4
19 20
20 3
21 38
21 86
22 79
23 56
23 85
24 28
25 26
25 53
26 1
27 55
27 93
28 6
29 40
29 59
30 24
31 20
31 65
32 22
33 54
33 95
34 70
35 62
35 96
36 69
37 30
37 89
38 24
39 57
39 66
40 23
41 32
41 49
42 50
43 33
43 44
44 41
45 46
45 90
46 76
47 60
47 84
48 72
49 48
49 50
50 36
51 52
51 63
52 42
53 46
53 54
54 35
55 56
55 73
56 37
57 19
57 58
58 25
59 30
59 60
60 92
61 18
61 64
62 34
63 12
63 64
64 62
65 43
65 66
66 67
67 40
67 81
68 14
69 34
69 70
70 10
71 5
71 72
72 88
73 28
73 74
74 7
75 68
75 76
76 61
77 51
77 78
78 13
79 74
79 80
80 9
81 68
81 83
82 26
83 84
83 87
84 48
85 71
85 86
86 44
87 88
87 91
88 42
89 38
89 90
90 58
91 82
91 92
92 18
93 11
93 94
94 47
95 32
95 96
96 36
