Minimum level: 3
Runtime (sec): 853.9262299589464
Support network with minimum level
31 87
87 73
2 32
2 49
32 62
49 69
58 53
53 18
94 65
65 37
96 54
54 19
18 42
27 52
52 84
51 52
71 16
16 82
83 72
72 20
84 46
4 89
4 26
89 61
26 58
25 31
23 97
23 24
97 9
24 98
1 86
86 22
85 100
100 76
99 14
17 83
17 80
80 8
79 56
56 36
55 71
43 3
43 74
74 64
73 45
45 67
45 81
6 51
6 17
47 79
59 48
48 44
76 60
90 85
15 91
15 6
91 93
95 35
35 29
35 47
21 96
93 94
77 78
77 59
78 55
38 43
67 75
75 63
75 90
7 68
7 99
68 40
44 30
30 70
22 30
63 11
64 77
20 27
19 38
41 42
42 36
98 50
40 13
37 41
37 57
57 58
46 60
60 88
0 2
0 1
33 10
70 34
34 39
62 21
36 92
29 4
8 25
8 12
92 33
61 23
82 7
88 28
50 15
69 95
81 46
28 66
66 5
39 40
