Minimum level: 3
Runtime (sec): 0.3608614159747958
Support network with minimum level
16 29
29 57
29 13
0 1
0 2
1 55
1 41
2 4
2 51
55 76
55 83
41 71
37 65
37 59
65 84
59 60
64 80
80 30
79 48
48 85
78 48
19 33
33 46
45 32
32 20
46 38
67 34
34 17
85 86
86 68
35 22
22 74
25 36
25 24
36 26
24 42
15 28
28 64
27 61
61 52
75 10
10 21
10 43
76 56
83 69
26 20
20 12
62 16
7 40
40 77
39 54
54 82
63 73
73 74
31 45
69 70
69 53
70 30
53 63
53 37
77 14
74 27
38 9
84 66
21 11
21 79
43 26
57 50
71 47
47 78
49 72
72 6
50 31
51 58
58 3
52 15
42 62
17 5
17 18
18 44
44 49
68 25
23 19
4 81
4 23
30 66
66 8
56 39
60 7
6 35
82 67
81 75
