Minimum level: 2
Runtime (sec): 0.012546874990221113
Support network with minimum level
69 15
15 42
37 70
70 65
18 38
38 3
54 71
71 72
58 34
34 41
72 22
39 40
40 30
21 63
63 57
0 43
0 2
43 1
2 21
65 7
62 66
66 46
17 5
17 68
5 69
5 19
68 25
67 54
53 28
28 18
27 59
59 20
36 47
47 27
47 48
50 24
24 52
23 53
46 16
16 32
33 67
52 13
55 56
56 6
61 62
45 23
48 30
29 64
64 58
57 4
19 8
10 12
10 36
35 50
49 11
41 26
20 39
44 60
60 49
1 17
1 51
31 44
32 14
4 9
9 35
9 33
26 10
42 37
51 55
51 61
25 29
25 45
22 31
30 22
