Minimum level:2
Runtime (sec):521.3674246000
Support network with minimum level
74 42
42 14
23 40
40 24
48 40
17 3
3 21
3 5
70 26
26 39
6 57
57 58
57 11
49 50
50 12
75 76
75 54
76 4
54 33
53 63
63 64
63 15
35 67
67 68
15 36
36 65
64 27
19 9
19 20
9 51
20 47
73 74
41 29
29 2
5 69
69 8
58 52
25 49
25 43
43 70
47 23
39 48
39 38
38 31
37 32
32 56
31 18
18 19
2 35
55 37
56 28
81 53
61 82
61 62
82 75
62 22
21 6
52 78
78 44
77 17
51 24
71 72
71 79
72 68
79 80
79 25
24 61
80 44
44 46
16 41
45 59
59 60
60 30
30 10
46 7
22 34
34 45
66 34
65 77
33 66
28 13
68 73
0 1
1 81
1 71
27 16
27 55
