Minimum level: 2
Runtime (sec): 68.62215733301127
Support network with minimum level
15 12
1 16
16 62
65 52
52 7
27 66
27 39
66 45
39 43
17 53
53 54
37 38
37 25
38 60
25 59
23 63
63 42
63 74
43 40
43 49
40 41
49 51
26 18
18 14
58 18
20 13
41 5
42 55
74 64
73 72
72 68
67 20
32 20
45 47
45 46
68 30
29 70
70 31
69 48
48 29
3 19
19 50
19 21
54 4
57 58
57 35
35 22
60 30
59 26
8 67
7 15
22 11
55 56
56 36
0 24
0 71
24 33
71 2
71 73
47 69
46 1
36 17
6 10
51 65
50 32
21 61
34 44
44 57
64 62
62 8
61 6
33 34
33 28
28 37
2 3
2 27
31 23
30 9
