Minimum level: 8
Runtime (sec): 0.6492724579875357
Support network with minimum level
0 63
0 2
63 1
2 5
2 6
22 71
71 92
18 94
94 10
93 82
82 76
75 44
44 17
43 39
39 77
95 41
41 67
37 96
96 58
85 56
56 80
79 86
86 22
80 75
90 66
66 59
62 66
25 11
100 26
26 18
98 92
92 88
20 16
16 7
99 79
99 100
31 70
70 72
69 12
4 9
4 73
9 19
9 47
73 18
81 93
3 20
40 34
34 28
30 24
24 46
23 57
57 61
17 83
17 84
83 69
84 89
76 42
42 36
97 42
91 98
67 78
78 28
58 68
68 74
74 38
38 97
51 62
61 31
77 91
77 99
64 13
49 81
87 50
50 22
88 72
60 30
33 40
21 43
21 27
27 35
27 95
28 8
36 54
54 87
53 45
45 48
6 55
6 25
55 15
55 85
29 36
59 60
47 52
52 33
48 23
46 14
1 21
1 3
32 64
89 53
89 90
65 32
19 49
72 65
35 4
35 51
15 37
15 29
