Minimum level: 1
Runtime (sec): 0.014763458049856126
Support network with minimum level
42 30
30 24
23 67
67 69
41 9
29 42
48 16
16 8
19 25
19 4
25 31
4 5
4 52
0 47
0 51
47 71
47 2
51 1
28 13
71 49
2 15
2 23
49 57
57 50
63 48
56 64
64 35
32 36
36 66
35 36
43 44
44 14
59 60
60 3
61 62
62 72
34 22
22 10
69 68
73 74
74 27
31 38
38 20
53 32
55 54
54 59
65 56
66 61
72 28
27 46
46 19
45 33
33 34
7 65
50 55
10 58
58 26
24 11
52 6
1 39
1 40
40 70
70 37
68 53
8 41
20 17
17 29
17 18
39 21
21 45
26 12
18 7
37 73
15 63
15 43
