Minimum level: 3
Runtime (sec): 1.0489787080441602
Support network with minimum level
37 39
39 41
39 59
67 38
38 24
45 68
68 43
21 46
46 22
26 20
20 18
85 75
75 76
71 86
86 32
77 78
78 72
5 66
5 91
66 42
91 15
28 64
64 26
76 93
84 76
32 34
34 74
33 8
8 52
15 79
15 50
79 51
50 16
81 89
89 82
72 61
35 72
82 31
56 90
90 40
40 2
55 67
18 56
93 14
19 9
49 81
49 3
3 5
23 29
29 30
47 48
47 62
48 84
62 6
61 87
87 58
92 80
80 69
51 37
83 44
44 21
43 47
42 16
41 42
58 36
36 7
0 1
0 65
1 53
1 49
65 83
65 77
7 17
7 19
17 10
24 22
30 55
52 63
73 92
74 94
88 26
69 70
31 71
31 28
25 4
16 33
27 35
27 60
60 57
59 73
94 88
57 13
70 45
22 27
53 25
53 54
54 23
63 85
10 12
10 11
