Minimum level: 1
Runtime (sec): 37.4495547079714
Support network with minimum level
61 55
55 40
45 62
62 14
65 46
46 38
49 66
66 50
67 68
67 65
68 25
38 2
26 38
41 3
3 39
10 42
42 13
79 16
16 45
17 80
17 71
80 43
71 4
75 27
27 5
69 76
69 15
76 70
15 79
15 41
25 59
59 53
59 73
21 22
22 10
43 18
18 11
31 44
44 37
23 24
24 20
20 49
4 29
4 6
50 72
72 30
54 50
36 26
35 56
56 36
40 34
39 77
77 78
78 64
64 48
63 69
73 74
74 51
29 60
29 19
60 54
19 23
47 63
48 61
30 21
1 47
1 17
0 33
33 57
33 1
70 52
52 32
51 12
34 75
57 58
58 70
37 67
32 9
5 31
53 35
2 28
2 7
28 8
