Minimum level: 4
Runtime (sec): 0.08130379201611504
Support network with minimum level
1 55
1 38
55 49
55 56
38 51
37 4
4 15
4 5
66 88
88 48
87 71
71 73
0 1
0 2
58 86
86 25
85 65
65 27
61 29
29 33
29 67
41 62
41 66
62 92
27 61
20 13
59 93
93 60
77 78
77 57
78 44
57 52
51 91
51 77
91 3
64 26
26 10
80 26
12 14
43 18
18 20
44 46
79 23
23 63
76 80
70 54
54 94
31 50
50 81
53 70
69 64
63 45
45 87
16 24
24 34
35 21
21 72
81 82
82 36
83 75
75 76
30 84
84 79
33 59
67 30
73 19
72 90
52 68
60 58
94 32
68 28
28 42
92 28
25 69
34 40
40 47
39 9
9 12
9 83
49 37
49 53
32 7
5 32
36 8
3 39
74 16
19 31
46 41
15 6
15 17
17 85
17 74
90 22
89 90
48 42
42 11
22 43
56 22
47 35
47 89
