0 2
0 69
1 34
1 72
2 3
2 50
3 39
3 64
4 23
4 45
5 61
5 70
7 17
7 32
15 26
15 93
16 18
17 60
17 94
18 12
19 15
19 20
20 28
21 14
21 51
22 27
23 24
23 40
24 41
25 22
25 26
26 43
27 37
27 48
28 88
29 13
29 53
30 10
31 35
31 66
32 62
33 34
33 91
34 44
35 36
35 54
36 6
37 52
37 55
38 56
39 75
39 99
40 65
41 59
41 89
42 20
43 44
43 76
44 16
45 7
45 46
46 9
47 48
47 57
48 96
49 33
49 50
50 4
51 22
51 87
52 38
53 63
53 79
54 32
55 49
55 56
56 102
57 30
57 58
58 80
59 42
59 67
60 18
61 101
61 104
62 42
63 30
63 71
64 81
65 8
65 66
66 97
67 68
67 100
68 36
69 38
69 70
70 85
71 64
71 72
72 11
73 84
73 86
74 46
75 40
75 76
76 73
77 78
77 82
78 47
79 77
79 80
80 90
81 82
81 95
82 54
83 60
83 84
84 74
85 21
85 86
86 98
87 52
87 88
88 92
89 90
89 103
90 16
91 29
91 92
92 74
93 24
93 94
94 31
95 68
95 96
96 28
97 78
97 98
98 58
99 5
99 100
100 83
101 25
101 102
102 19
103 1
103 104
104 62
