0 2
0 38
1 20
1 87
2 3
2 4
4 26
4 91
5 56
5 76
6 13
6 14
8 59
8 64
15 7
15 53
16 11
17 45
17 74
18 67
19 20
19 81
20 29
21 39
21 89
22 9
23 12
23 37
24 22
25 23
25 73
26 18
27 24
27 44
28 6
29 30
29 34
30 36
31 32
31 43
32 28
33 34
33 55
34 47
35 42
35 77
36 24
37 46
37 102
38 1
39 80
39 92
40 50
41 19
41 42
42 36
43 18
43 48
44 32
45 46
45 75
46 68
47 40
47 78
48 82
49 41
49 57
50 10
51 16
51 52
52 71
53 54
53 103
54 62
55 15
55 56
56 104
57 58
57 83
58 16
59 60
59 61
60 86
61 90
61 98
62 72
63 38
63 65
64 58
65 64
65 66
66 50
67 49
67 68
68 101
69 5
69 85
70 54
71 72
71 94
72 48
73 26
73 74
74 60
75 69
75 76
76 33
77 51
77 84
78 70
79 8
79 80
80 95
81 28
81 82
82 44
83 66
83 100
84 78
85 70
85 97
86 31
87 27
87 88
88 62
89 22
89 90
90 99
91 17
91 92
92 93
93 79
93 94
94 30
95 40
95 96
96 63
97 86
97 98
98 25
99 88
99 100
100 84
101 52
101 102
102 96
103 35
103 104
104 21
