0 1
0 2
2 4
2 98
4 31
4 77
5 69
5 71
6 30
6 59
7 29
7 39
8 55
8 101
15 34
15 37
16 7
17 35
17 56
18 20
19 53
19 57
20 23
21 85
21 87
22 86
23 14
23 40
24 11
25 20
25 79
26 32
27 8
27 28
28 22
29 30
29 66
30 26
31 5
31 32
32 13
33 25
33 78
34 75
35 36
35 95
36 80
37 18
37 52
38 58
39 17
39 40
40 60
41 34
41 73
42 92
43 44
43 48
44 18
45 65
45 82
46 42
47 36
47 49
48 51
49 61
49 91
50 41
51 38
51 52
52 38
53 54
53 62
54 9
55 28
55 56
56 72
57 33
57 81
58 12
59 67
59 76
60 90
61 50
61 89
62 63
63 15
63 64
64 48
65 83
65 84
66 10
67 19
67 93
68 27
69 42
69 70
70 46
71 68
71 72
72 44
73 70
73 74
74 21
75 74
75 88
76 60
77 6
77 78
78 50
79 45
79 96
80 102
81 82
81 104
82 99
83 46
83 84
84 66
85 16
85 86
86 43
87 22
87 88
88 76
89 90
89 94
90 100
91 64
91 92
92 16
93 68
93 97
94 103
95 54
95 96
96 80
97 94
97 98
98 3
99 26
99 100
100 24
101 47
101 102
102 24
103 62
103 104
104 58
