0 2
0 89
1 22
1 72
2 23
2 64
4 10
4 54
5 7
5 101
6 12
6 90
9 74
9 91
15 26
15 94
16 84
17 20
17 96
18 14
19 1
19 75
20 33
21 18
21 22
22 5
23 27
23 61
24 50
25 4
25 35
26 102
27 28
27 31
28 92
29 24
29 30
30 18
31 51
31 77
32 76
33 21
33 53
34 39
35 36
35 40
36 59
37 30
37 38
38 26
39 62
39 63
40 42
41 42
41 93
42 38
43 82
43 104
44 32
45 6
45 46
46 68
47 29
47 70
48 49
49 46
49 65
50 57
51 25
51 95
52 56
53 34
53 79
54 81
55 52
55 56
56 69
57 86
57 99
58 3
59 60
59 98
60 40
61 62
61 67
62 32
63 60
63 64
64 16
65 50
65 66
66 28
67 68
67 71
68 8
69 44
69 70
70 48
71 24
71 72
72 17
73 19
73 78
74 47
75 20
75 76
76 80
77 78
77 87
78 74
79 54
79 80
80 48
81 82
81 103
82 41
83 34
83 84
84 58
85 16
85 88
86 58
87 55
87 88
88 86
89 73
89 90
90 36
91 15
91 92
92 45
93 9
93 94
94 85
95 52
95 96
96 66
97 13
97 100
98 11
99 37
99 100
100 98
101 83
101 102
102 97
103 43
103 104
104 44
