0 21
0 99
2 4
2 96
3 26
3 103
4 5
4 23
5 10
5 93
6 50
6 102
11 22
11 56
15 16
15 39
16 92
17 18
17 82
18 1
19 29
19 55
20 8
21 18
21 22
22 27
23 35
23 69
24 28
25 26
25 79
26 20
27 37
27 42
28 45
29 30
29 59
30 48
31 33
31 90
32 13
33 34
33 104
34 17
35 36
35 53
36 65
37 34
37 38
38 32
39 75
39 87
40 71
41 42
41 91
42 28
43 61
43 85
44 40
45 16
45 100
46 38
47 57
47 67
48 54
49 40
49 50
50 25
51 6
51 52
52 86
53 30
53 80
54 43
55 56
55 89
56 74
57 48
57 58
58 70
59 47
59 60
60 52
61 41
61 62
62 14
63 64
63 66
64 7
65 63
65 66
66 31
67 2
67 68
68 36
69 51
69 70
70 44
71 72
71 95
72 11
73 46
73 74
74 62
75 58
75 94
76 68
77 24
77 78
78 12
79 15
79 80
80 98
81 46
81 82
82 32
83 19
83 84
84 49
85 44
85 86
86 24
87 78
87 97
88 76
89 20
89 90
90 81
91 77
91 92
92 64
93 9
93 101
94 88
95 76
95 96
96 3
97 88
97 98
98 54
99 83
99 100
100 73
101 94
101 102
102 84
103 60
103 104
104 72
