Minimum level: 4
Runtime (sec): 0.3496295000077225
Support network with minimum level
75 81
75 47
81 83
47 48
50 56
56 62
55 35
35 16
0 1
0 2
2 3
63 43
43 73
31 64
64 67
21 32
32 34
44 30
30 8
69 89
69 78
89 90
78 52
77 22
22 93
73 74
74 27
57 76
76 79
83 82
52 10
93 94
94 75
41 86
86 42
85 17
17 49
51 69
51 31
68 66
66 28
23 13
36 26
26 18
80 26
92 58
58 59
79 58
60 80
20 70
70 87
90 71
59 60
25 4
4 33
4 92
71 72
7 23
7 84
84 50
82 68
67 20
72 36
49 55
49 88
87 53
45 57
61 46
46 41
62 54
65 25
10 12
10 15
15 45
33 91
91 21
40 38
38 19
3 39
5 77
28 24
24 9
19 65
19 51
39 37
39 40
48 6
54 14
53 85
29 63
29 44
88 50
37 5
42 11
16 18
18 7
27 61
34 29
