Minimum level: 2
Runtime (sec): 0.6090828749584034
Support network with minimum level
64 4
44 38
38 12
37 105
105 10
1 35
1 101
35 67
35 83
101 99
101 104
107 91
91 85
19 108
108 50
80 16
16 84
87 51
51 68
71 88
88 21
25 72
72 82
97 26
26 7
95 98
98 96
43 32
32 70
84 44
82 33
81 86
86 93
85 2
2 5
2 22
94 78
78 30
77 76
76 56
55 62
62 65
61 42
42 58
41 31
31 81
31 19
20 46
46 11
79 46
73 80
49 74
74 50
96 34
53 37
65 54
54 29
10 66
66 13
17 18
18 25
56 6
83 27
27 39
23 53
92 28
28 90
90 61
70 55
69 40
40 97
15 59
59 60
59 71
39 52
68 36
36 92
50 63
63 64
5 15
22 17
21 106
106 41
7 89
75 77
60 64
67 87
34 8
58 102
57 1
0 57
0 107
33 14
89 20
99 45
99 100
45 103
100 47
104 102
103 3
3 23
3 9
30 49
52 69
102 24
24 43
47 73
47 48
48 79
93 95
93 94
29 75
