Minimum level: 4
Runtime (sec): 1.537526291969698
Support network with minimum level
82 13
86 100
100 39
99 66
66 80
5 24
24 20
23 94
94 60
93 68
68 19
41 62
62 69
61 97
97 98
107 87
107 108
87 88
108 12
33 101
101 67
44 7
7 16
39 63
39 11
63 106
0 1
0 2
1 8
2 91
2 31
20 51
85 86
77 78
78 107
37 23
69 42
42 73
103 104
104 70
73 89
73 74
65 99
96 36
36 28
67 53
27 102
27 96
102 49
95 92
92 103
31 21
21 27
74 93
79 71
71 14
80 9
29 15
15 72
70 57
72 84
84 76
83 52
52 64
25 41
51 83
51 26
26 10
43 44
8 59
8 77
19 48
106 64
64 40
45 29
98 47
75 34
34 18
76 6
60 56
88 60
59 17
17 33
30 38
38 58
40 43
49 4
49 50
50 28
91 95
58 5
57 58
105 32
32 30
3 37
3 22
22 30
90 54
54 3
48 81
47 46
46 79
16 82
28 61
18 25
81 85
53 35
53 90
35 75
35 55
89 105
56 45
55 65
