Minimum level: 3
Runtime (sec): 0.7704617910203524
Support network with minimum level
44 28
28 5
16 28
42 38
38 29
37 38
56 18
18 84
5 8
5 66
66 48
65 12
73 55
73 74
55 79
74 24
61 83
83 62
17 33
17 35
33 34
35 50
32 86
86 13
85 86
82 30
30 65
67 41
41 21
46 68
68 36
43 85
62 44
84 49
52 20
20 78
25 54
54 40
69 70
70 15
19 52
71 72
72 27
34 16
31 32
15 61
27 56
79 80
80 58
50 36
49 26
26 42
40 26
24 31
23 14
36 22
59 75
75 46
39 60
39 2
60 40
2 67
2 77
64 47
47 11
47 73
57 3
58 43
21 81
51 19
51 71
4 6
6 10
6 76
22 16
0 1
0 39
1 63
1 25
53 9
53 69
29 23
29 82
81 51
63 57
63 64
45 59
76 53
10 45
10 17
77 37
48 7
78 4
