0 35
0 55
1 3
1 56
2 11
2 12
3 5
3 44
5 16
5 31
6 22
6 30
8 39
8 42
15 4
15 23
16 7
17 46
17 57
18 61
19 21
19 34
20 16
21 22
21 37
22 10
23 20
23 45
24 25
25 28
25 36
26 14
27 15
27 28
28 40
29 30
29 53
30 32
31 32
31 63
32 33
33 19
33 34
34 9
35 36
35 49
36 2
37 20
37 60
38 27
39 47
39 59
40 64
41 24
41 42
42 51
43 29
43 44
44 48
45 24
45 50
46 18
47 18
47 48
48 6
49 1
49 50
50 46
51 26
51 52
52 13
53 8
53 54
54 52
55 17
55 56
56 38
57 41
57 58
58 54
59 40
59 60
60 38
61 58
61 62
62 26
63 43
63 64
64 62
