0 2
0 34
1 46
1 54
2 3
2 4
3 15
3 56
4 23
4 39
6 41
6 60
8 28
8 31
15 13
15 16
16 14
17 26
17 62
18 16
19 11
19 20
20 33
21 42
21 64
22 30
23 6
23 24
24 5
25 22
25 55
26 24
27 28
27 36
28 52
29 30
29 51
30 57
31 25
31 32
32 19
33 18
33 58
34 1
35 32
35 43
36 48
37 22
37 61
38 29
39 21
39 40
40 9
41 53
41 63
42 59
43 36
43 49
44 34
45 17
45 46
46 10
47 38
47 48
48 40
49 44
49 50
50 18
51 26
51 52
52 12
53 42
53 54
54 27
55 38
55 56
56 20
57 35
57 58
58 44
59 45
59 60
60 7
61 47
61 62
62 50
63 8
63 64
64 37
