0 1
0 37
1 3
1 4
2 26
2 33
3 32
3 59
4 19
4 39
5 10
5 40
9 13
9 56
15 2
15 35
16 20
17 15
17 47
18 36
19 41
19 57
20 24
21 22
21 58
22 20
23 31
23 50
24 55
25 26
25 42
26 8
27 5
27 28
28 49
29 38
29 61
30 34
31 21
31 32
32 53
33 34
33 45
34 52
35 28
35 36
36 30
37 17
37 38
38 7
39 12
39 46
40 16
41 11
41 42
42 27
43 18
43 44
44 30
45 29
45 46
46 63
47 43
47 48
48 64
49 16
49 50
50 54
51 44
51 52
52 62
53 25
53 60
54 24
55 18
55 56
56 14
57 22
57 58
58 48
59 23
59 60
60 54
61 51
61 62
62 9
63 40
63 64
64 6
