0 29
0 59
1 7
1 39
2 3
2 33
3 6
3 60
4 14
4 30
7 9
7 61
9 18
9 20
15 21
15 47
16 57
17 5
17 24
18 43
19 31
19 64
20 34
21 16
21 22
22 2
23 8
23 24
24 18
25 26
25 54
26 51
27 25
27 28
28 52
29 16
29 50
30 42
31 22
31 32
32 40
33 36
33 58
34 12
35 11
35 36
36 44
37 15
37 55
38 13
39 46
39 63
40 30
41 38
41 42
42 48
43 35
43 44
44 34
45 19
45 46
46 28
47 48
47 49
48 26
49 1
49 50
50 32
51 38
51 52
52 23
53 27
53 56
54 45
55 41
55 62
56 54
57 53
57 58
58 4
59 37
59 60
60 17
61 10
61 62
62 56
63 40
63 64
64 20
