0 2
0 32
1 20
1 50
2 26
2 27
4 5
4 41
5 30
5 54
7 12
7 36
9 21
9 37
15 16
15 31
16 38
17 18
17 47
18 61
19 22
19 48
20 52
21 22
21 51
22 15
23 16
23 24
24 19
25 6
25 60
26 29
27 28
27 43
28 18
29 33
29 42
30 34
31 13
31 32
32 17
33 30
33 34
34 55
35 36
35 46
36 11
37 38
37 44
38 28
39 25
39 53
40 26
41 39
41 42
42 10
43 45
43 64
44 23
45 35
45 46
46 9
47 1
47 59
48 20
49 48
49 50
50 3
51 52
51 57
52 4
53 40
53 62
54 7
55 8
55 58
56 54
57 58
57 63
58 56
59 49
59 60
60 40
61 14
61 62
62 56
63 24
63 64
64 44
