0 35
0 36
1 30
1 31
2 11
2 37
3 29
3 49
4 10
4 39
6 7
6 22
7 14
7 53
15 41
15 60
16 58
17 18
17 32
18 13
19 1
19 23
20 61
21 20
21 55
22 28
23 21
23 25
24 51
25 24
25 26
26 45
27 26
27 28
28 8
29 5
29 30
30 62
31 33
31 34
32 16
33 34
33 56
34 50
35 19
35 36
36 20
37 12
37 38
38 22
39 42
39 57
40 46
41 24
41 43
42 9
43 44
43 52
44 27
45 46
45 48
46 32
47 38
47 59
48 3
49 17
49 50
50 40
51 44
51 54
52 42
53 18
53 54
54 52
55 47
55 56
56 64
57 40
57 58
58 6
59 48
59 60
60 16
61 62
61 63
62 4
63 2
63 64
64 15
