0 1
0 39
1 3
1 4
2 5
2 50
3 25
3 44
4 17
4 60
5 18
5 62
7 21
7 64
15 19
15 23
16 61
17 18
17 43
18 49
19 20
19 56
20 42
21 22
21 30
22 14
23 16
23 41
24 33
25 26
25 40
26 10
27 15
27 47
28 7
29 30
29 36
30 32
31 27
31 32
32 26
33 22
33 34
34 37
35 24
35 36
36 28
37 16
37 38
38 48
39 2
39 40
40 34
41 24
41 45
42 58
43 44
43 57
44 55
45 42
45 46
46 29
47 28
47 48
48 46
49 31
49 50
50 20
51 35
51 52
52 38
53 12
53 54
54 51
55 54
55 56
56 8
57 53
57 58
58 63
59 9
59 60
60 11
61 13
61 62
62 52
63 6
63 64
64 59
