0 49
0 51
1 27
1 41
2 5
2 18
3 25
3 38
6 55
6 56
8 16
8 34
9 13
9 62
15 6
15 32
16 11
17 22
17 24
18 37
19 43
19 54
20 15
21 18
21 22
22 46
23 29
23 52
24 47
25 10
25 45
26 4
27 23
27 36
28 40
29 17
29 30
30 3
31 32
31 48
32 16
33 34
33 35
34 57
35 7
35 36
36 61
37 38
37 44
38 58
39 42
39 53
40 9
41 19
41 42
42 28
43 20
43 44
44 20
45 26
45 46
46 26
47 21
47 48
48 8
49 50
49 63
50 39
51 59
51 64
52 24
53 40
53 54
54 30
55 31
55 56
56 60
57 12
57 58
58 28
59 2
59 60
60 33
61 50
61 62
62 14
63 1
63 64
64 52
