0 1
0 2
1 17
1 35
2 7
2 44
4 6
4 57
5 21
5 47
6 25
6 30
10 11
10 46
15 16
15 31
16 12
17 22
17 39
18 20
19 8
19 20
20 51
21 14
21 53
22 43
23 37
23 40
24 56
25 50
25 59
26 18
27 26
27 45
28 23
29 32
29 34
30 24
31 28
31 48
32 36
33 34
33 54
34 38
35 36
35 64
36 55
37 29
37 38
38 24
39 4
39 40
40 19
41 42
41 62
42 16
43 26
43 44
44 15
45 28
45 60
46 42
47 18
47 52
48 61
49 41
49 50
50 9
51 13
51 52
52 48
53 22
53 54
54 30
55 49
55 56
56 10
57 5
57 58
58 27
59 58
59 60
60 46
61 62
61 63
62 33
63 32
63 64
64 3
