0 31
0 36
1 4
1 55
4 23
4 43
5 7
5 33
6 35
6 49
7 44
7 51
9 13
9 21
15 18
15 20
16 42
17 10
17 18
18 14
19 22
19 46
20 48
21 15
21 28
22 12
23 24
23 59
24 27
25 30
25 45
26 24
27 41
27 54
28 22
29 30
29 34
30 19
31 1
31 63
32 17
33 37
33 40
34 47
35 25
35 39
36 2
37 38
37 56
38 50
39 36
39 60
40 29
41 38
41 42
42 3
43 5
43 44
44 26
45 26
45 46
46 20
47 48
47 53
48 16
49 11
49 50
50 58
51 52
51 57
52 32
53 8
53 54
54 28
55 56
55 61
56 34
57 9
57 58
58 52
59 6
59 64
60 40
61 16
61 62
62 60
63 32
63 64
64 62
