0 1
0 2
1 11
1 47
2 17
2 44
3 6
3 15
6 23
6 49
8 39
8 46
12 29
12 30
15 22
15 51
16 33
17 3
17 24
18 38
19 10
19 20
20 34
21 22
21 28
22 25
23 45
23 52
24 35
25 5
25 26
26 55
27 43
27 59
28 37
29 21
29 60
30 13
31 36
31 62
32 30
33 34
33 50
34 31
35 18
35 56
36 32
37 16
37 38
38 19
39 26
39 40
40 36
41 42
41 58
42 20
43 28
43 44
44 4
45 24
45 63
46 42
47 12
47 61
48 32
49 50
49 54
50 14
51 41
51 52
52 64
53 48
53 57
54 7
55 27
55 56
56 40
57 54
57 58
58 16
59 18
59 60
60 48
61 53
61 62
62 9
63 46
63 64
64 8
