Minimum level: 2
Runtime (sec): 9.759488290990703
Support network with minimum level
52 38
38 28
0 1
1 53
1 3
60 40
40 65
39 11
24 66
66 14
65 26
26 13
68 26
19 8
19 27
8 32
27 21
28 20
21 63
21 25
76 30
30 68
61 62
62 20
57 58
58 7
3 49
49 29
44 74
74 24
73 55
55 71
23 69
69 70
43 44
43 37
37 56
37 41
29 76
29 51
22 50
50 48
17 12
41 18
18 9
63 64
63 31
64 42
31 57
67 72
72 60
71 72
56 52
10 59
10 33
59 24
33 61
48 46
46 15
45 34
34 19
70 36
47 23
32 17
15 16
15 5
16 39
53 4
4 54
54 6
25 22
25 75
75 73
51 35
35 47
42 67
20 2
6 10
6 43
36 45
