Minimum level: 1
Runtime (sec): 75.59835570800351
Support network with minimum level
4 69
69 23
37 38
38 11
49 32
32 10
16 50
50 4
18 16
67 68
68 65
28 68
36 22
22 48
23 59
59 24
17 1
55 56
55 35
56 29
35 54
58 49
0 43
0 51
43 44
43 2
51 19
72 37
65 66
65 8
19 57
15 52
52 18
39 40
40 55
76 42
42 70
74 64
64 60
41 76
75 76
31 58
66 36
8 53
8 13
70 26
61 67
61 62
62 5
3 6
6 41
6 21
53 15
54 14
34 30
30 7
29 30
57 73
57 75
73 74
73 25
60 9
24 12
48 24
33 31
33 34
27 28
5 46
46 27
45 47
47 61
71 33
26 72
44 63
63 20
25 17
2 45
20 3
21 71
21 39
