Minimum level: 6
Runtime (sec): 0.11088570801075548
Support network with minimum level
58 36
36 41
37 38
38 28
47 94
94 48
93 70
70 66
71 72
72 22
8 87
87 53
85 29
85 86
29 81
86 78
77 74
74 16
73 55
55 17
22 27
21 89
89 3
39 69
39 40
69 75
69 93
40 5
51 52
52 32
35 39
1 67
1 4
67 21
4 6
4 65
20 13
76 23
23 79
48 25
25 26
60 26
26 37
75 76
57 58
95 46
46 50
10 96
96 14
59 60
90 44
44 88
53 12
79 80
80 54
66 24
24 90
82 34
34 83
78 34
91 92
92 88
62 84
84 57
83 10
81 95
33 82
68 18
18 54
5 8
5 56
45 63
45 62
63 91
61 45
28 66
16 30
30 20
41 42
42 19
49 9
50 2
88 64
64 20
43 51
43 59
65 73
65 71
56 7
17 33
17 31
31 35
31 43
27 61
27 47
19 68
32 85
0 1
7 15
15 49
15 77
54 11
