Minimum level: 2
Runtime (sec): 0.03230675001395866
Support network with minimum level
77 23
77 78
23 35
78 68
67 60
60 18
59 4
4 25
4 17
1 33
1 41
33 66
41 65
68 34
66 3
65 15
15 45
15 64
76 46
46 30
45 75
75 36
35 51
10 24
24 11
25 26
26 71
31 32
31 48
32 7
48 38
47 2
2 69
2 39
28 47
19 42
42 43
70 20
20 16
56 44
44 50
21 73
73 62
7 21
50 22
22 54
38 29
61 38
62 74
74 77
29 10
30 12
43 53
43 37
53 56
37 63
37 61
64 59
63 9
54 34
34 13
72 67
55 40
40 16
39 31
49 28
0 1
51 14
36 55
71 76
16 72
17 70
52 58
58 8
57 27
27 49
27 6
69 19
18 52
3 57
3 5
