Minimum level: 3
Runtime (sec): 12.71226216701325
Support network with minimum level
20 26
26 12
66 26
37 19
19 63
19 2
57 38
38 31
33 58
33 39
58 34
39 15
42 72
72 70
71 68
68 13
67 5
3 33
3 14
49 61
61 62
31 50
31 6
50 47
53 8
53 55
55 69
27 1
1 40
34 28
21 23
23 24
23 29
24 22
29 49
29 25
32 16
16 51
59 60
60 22
10 60
62 18
36 30
30 67
64 46
46 56
45 44
44 20
43 11
63 21
15 64
15 71
65 53
25 66
25 48
48 41
47 42
41 45
2 35
2 4
4 57
35 36
35 3
18 20
17 52
52 7
51 17
7 10
22 43
70 32
40 65
54 59
0 27
0 37
28 9
69 56
56 54
