Minimum level: 2
Runtime (sec): 0.029660458967555314
Support network with minimum level
63 8
63 64
8 32
64 6
3 68
68 30
67 27
27 33
27 47
49 51
49 3
51 59
28 13
30 26
26 18
41 26
61 62
62 42
65 48
48 38
19 66
66 4
56 20
20 49
53 14
53 54
54 52
5 22
22 58
21 17
17 69
31 2
31 55
2 35
55 56
29 39
39 40
23 37
23 19
37 67
37 65
42 28
44 28
35 23
18 36
36 16
38 43
70 38
25 45
45 41
59 60
60 57
52 7
58 63
57 46
46 50
32 10
33 34
34 9
43 44
40 70
47 61
47 24
24 29
11 53
15 31
16 5
50 11
0 21
0 15
1 12
1 25
69 1
