Minimum level: 5
Runtime (sec): 17.72228545800317
Support network with minimum level
52 28
28 34
96 28
97 25
25 26
37 98
98 64
44 38
38 50
76 49
49 19
62 108
108 30
107 102
102 57
26 40
74 26
94 96
105 106
106 16
0 2
2 5
2 21
16 52
57 66
66 58
75 77
77 95
69 71
69 70
71 65
70 35
85 86
86 56
55 29
29 33
19 104
50 1
10 13
10 68
68 78
93 94
33 63
33 43
23 27
27 55
27 53
47 48
48 31
46 20
20 37
95 105
99 76
73 100
73 74
100 44
1 17
17 80
6 9
6 88
9 39
9 11
88 61
87 73
58 99
78 58
72 32
32 14
104 36
103 104
83 84
84 46
59 60
60 90
31 54
67 93
67 79
79 82
56 72
54 24
53 15
15 51
15 97
80 18
18 8
101 107
5 41
5 7
41 45
34 44
64 42
42 12
45 101
45 59
51 52
81 62
82 80
21 69
21 22
22 10
61 89
89 81
63 67
91 92
91 83
92 64
24 4
40 3
39 23
65 75
65 6
30 85
90 47
35 103
36 91
43 87
