Minimum level: 1
Runtime (sec): 0.03668837499571964
Support network with minimum level
44 38
38 65
37 38
90 76
76 41
71 59
59 52
32 72
72 48
60 29
29 80
39 37
81 40
40 14
49 82
82 66
85 56
56 50
46 86
86 47
50 68
9 32
31 27
27 69
70 4
4 39
45 67
67 43
65 46
66 63
6 83
6 44
83 24
43 78
78 73
77 70
69 18
18 58
17 30
30 84
80 8
79 35
35 16
84 34
24 19
55 85
61 57
61 62
57 1
57 87
62 74
25 26
26 45
23 25
74 10
73 55
20 54
54 11
53 5
34 53
7 71
63 64
64 9
87 88
88 42
58 28
16 7
21 36
36 81
41 22
22 60
42 33
28 77
52 23
51 6
19 21
47 13
15 31
15 79
75 12
75 90
89 49
68 20
3 17
3 51
48 75
0 89
0 61
33 2
1 3
1 15
