Minimum level: 9
Runtime (sec): 0.799500499968417
Support network with minimum level
43 99
99 44
101 102
102 3
17 40
40 34
107 108
108 30
65 66
66 15
104 42
42 61
0 85
0 2
85 57
85 86
1 31
1 41
31 4
31 39
41 53
41 79
27 95
95 96
84 16
16 10
73 75
73 27
75 76
57 1
86 19
3 8
8 109
8 9
71 73
54 72
72 32
78 84
83 107
20 28
28 33
96 50
33 82
82 46
81 90
90 11
89 6
26 20
109 20
93 110
110 94
30 68
68 12
36 13
50 34
49 80
80 7
79 64
64 65
63 54
53 43
48 70
70 38
69 111
111 18
34 18
35 55
35 29
55 36
29 105
29 91
77 23
23 74
60 78
100 52
52 67
61 98
98 62
97 25
25 35
25 103
4 51
4 22
39 101
39 37
103 26
91 69
76 92
92 48
51 100
22 5
21 49
38 89
24 88
88 47
87 88
56 44
44 45
18 24
47 112
112 94
74 58
45 104
46 62
62 60
59 14
58 24
32 59
37 63
105 106
106 56
11 32
15 71
15 17
67 87
67 93
94 81
5 97
5 83
19 21
19 77
