Minimum level: 5
Runtime (sec): 261.034012374992
Support network with minimum level
60 75
75 69
71 61
61 62
43 72
72 26
82 44
44 28
58 48
48 50
47 16
16 5
22 16
28 18
27 83
83 90
70 92
92 25
91 50
50 36
73 77
77 74
32 42
42 11
21 51
51 57
54 22
9 21
9 13
34 52
52 70
85 86
86 32
31 87
87 88
39 29
39 67
29 45
67 40
69 91
46 31
45 46
45 49
26 30
30 47
25 93
25 19
62 34
33 39
24 17
17 80
57 85
81 82
74 68
68 54
93 37
19 32
94 20
20 35
18 14
80 58
79 73
2 23
2 4
23 76
23 3
4 33
55 56
56 78
63 64
63 65
64 10
65 53
37 43
6 94
6 27
59 79
49 60
49 15
15 71
0 2
88 1
10 12
40 6
78 63
35 38
35 7
38 66
53 81
3 41
3 55
41 84
41 89
66 36
89 59
90 24
84 9
76 24
36 8
