Minimum level: 3
Runtime (sec): 0.08352225000271574
Support network with minimum level
1 25
1 4
25 3
25 31
4 8
41 43
43 63
65 66
65 6
66 22
60 42
42 20
63 44
2 9
9 51
20 30
34 40
40 52
39 36
36 22
35 27
27 2
27 28
17 11
17 18
18 16
49 61
61 50
29 49
30 16
70 38
38 32
24 38
0 23
23 35
23 56
50 59
33 62
62 14
45 46
46 53
44 26
56 64
64 24
3 65
3 21
21 39
53 68
68 48
67 54
54 17
37 5
69 70
69 12
26 7
7 67
7 69
59 1
59 60
19 15
15 57
15 55
22 58
58 33
57 41
32 10
31 47
31 45
47 48
55 29
28 19
51 13
16 24
48 34
52 37
