Minimum level: 5
Runtime (sec): 1.2127805419731885
Support network with minimum level
83 55
55 26
63 84
84 58
20 64
64 10
1 21
1 41
21 51
41 35
82 66
66 50
49 76
76 48
75 40
40 19
39 36
36 18
47 36
85 86
86 98
16 54
54 48
91 15
15 16
15 88
17 92
92 47
88 8
87 61
61 4
98 49
19 91
19 80
80 72
79 44
44 33
53 85
74 46
46 78
35 46
56 34
34 29
51 6
51 70
6 89
6 23
70 52
69 67
67 30
4 73
22 62
62 18
28 24
24 5
31 32
32 93
0 65
65 97
97 1
27 2
2 3
2 53
29 28
30 71
48 68
68 13
58 9
37 43
43 69
43 79
93 94
94 38
38 27
57 63
57 90
90 45
89 96
96 37
95 77
77 60
71 57
72 20
50 42
42 52
3 83
3 7
5 12
5 25
25 11
73 74
60 22
52 22
33 87
33 56
26 75
23 95
23 31
78 39
81 82
59 81
45 17
45 59
18 14
