Minimum level: 4
Runtime (sec): 3.2071449579671025
Support network with minimum level
18 28
28 10
96 28
67 51
51 52
45 68
68 39
9 46
46 14
37 38
38 48
104 96
100 62
62 5
77 78
78 20
23 25
25 65
25 34
71 87
87 105
32 72
72 74
92 108
108 44
107 37
85 107
75 86
86 76
88 24
24 91
79 29
29 95
17 80
80 15
53 50
50 52
8 54
8 27
54 19
27 33
27 85
21 41
41 83
19 22
22 20
40 16
16 26
44 12
57 106
106 58
105 55
55 4
55 109
76 30
30 18
81 82
82 69
47 48
48 23
90 71
83 3
3 111
3 77
69 84
84 59
93 94
94 70
99 56
56 57
112 100
20 110
35 97
97 98
58 36
36 32
64 60
60 8
49 73
73 53
98 70
39 6
6 7
6 47
66 88
70 40
91 92
5 11
15 9
26 76
52 35
61 103
61 112
103 43
111 45
2 21
2 42
42 79
43 93
43 67
74 75
95 31
95 104
31 89
31 102
110 13
109 99
63 2
63 64
59 49
89 81
89 90
102 61
101 63
65 66
34 66
33 17
0 101
0 1
