0 20
0 77
2 3
2 31
3 6
3 15
4 49
4 76
5 7
5 8
6 18
6 65
7 50
7 86
15 5
15 39
16 29
17 27
17 79
18 42
19 59
19 92
20 85
21 46
21 75
22 51
23 22
23 28
24 26
25 82
25 90
26 13
27 28
27 54
28 24
29 33
29 78
30 1
31 16
31 32
32 40
33 53
33 71
34 22
35 4
35 36
36 32
37 58
37 101
38 88
39 55
39 83
40 24
41 30
41 42
42 23
43 44
43 72
44 95
45 46
45 96
46 80
47 2
47 84
48 67
49 56
49 100
50 98
51 52
51 89
52 60
53 34
53 81
54 19
55 56
55 99
56 50
57 11
57 93
58 44
59 48
59 60
60 40
61 48
61 62
62 30
63 41
63 64
64 34
65 45
65 68
66 63
67 87
67 91
68 97
69 37
69 70
70 94
71 35
71 72
72 21
73 58
73 74
74 68
75 62
75 76
76 25
77 47
77 78
78 66
79 57
79 80
80 38
81 70
81 82
82 12
83 52
83 84
84 61
85 43
85 86
86 10
87 74
87 88
88 64
89 14
89 102
90 26
91 18
91 92
92 20
93 73
93 94
94 54
95 38
95 96
96 36
97 66
97 98
98 9
99 69
99 100
100 17
101 16
101 102
102 90
