0 24
0 71
1 3
1 4
3 16
3 40
4 18
4 91
5 21
5 73
9 28
9 87
10 43
10 95
15 26
15 54
16 6
17 13
17 41
18 52
19 31
19 38
20 44
21 19
21 83
22 46
23 17
23 80
24 57
25 26
25 61
26 90
27 2
27 34
28 14
29 35
29 56
30 92
31 51
31 55
32 18
33 29
33 34
34 85
35 30
35 36
36 70
37 86
37 99
38 36
39 1
39 40
40 5
41 30
41 42
42 67
43 45
43 75
44 58
45 44
45 89
46 15
47 78
47 96
48 20
49 25
49 50
50 94
51 32
51 52
52 88
53 54
53 59
54 11
55 33
55 63
56 79
57 27
57 58
58 16
59 62
59 81
60 101
61 39
61 100
62 60
63 56
63 64
64 48
65 66
65 74
66 20
67 50
67 68
68 93
69 23
69 98
70 82
71 49
71 76
72 66
73 8
73 74
74 64
75 68
75 84
76 72
77 72
77 78
78 38
79 77
79 80
80 42
81 37
81 82
82 7
83 84
83 97
84 76
85 28
85 86
86 47
87 69
87 88
88 53
89 46
89 90
90 65
91 9
91 92
92 32
93 12
93 94
94 24
95 60
95 96
96 48
97 98
97 102
98 70
99 10
99 100
100 62
101 22
101 102
102 22
