0 1
0 79
1 18
1 21
2 25
2 57
3 42
3 47
4 5
4 6
5 11
5 89
6 40
6 50
15 61
15 72
16 38
17 35
17 39
18 96
19 27
19 33
20 31
21 22
21 101
22 75
23 52
23 64
24 70
25 66
25 91
26 13
27 34
27 65
28 74
29 32
29 82
30 18
31 12
31 56
32 30
33 43
33 59
34 23
35 15
35 36
36 16
37 38
37 54
38 71
39 40
39 41
40 24
41 30
41 42
42 22
43 4
43 44
44 97
45 62
45 81
46 9
47 14
47 48
48 67
49 45
49 50
50 46
51 52
51 84
52 58
53 19
53 54
54 100
55 49
55 78
56 32
57 3
57 92
58 20
59 60
59 86
60 37
61 16
61 62
62 46
63 58
63 64
64 87
65 73
65 99
66 29
67 68
67 88
68 102
69 36
69 70
70 83
71 55
71 72
72 7
73 28
73 77
74 94
75 69
75 76
76 24
77 74
77 78
78 90
79 2
79 80
80 60
81 26
81 82
82 28
83 51
83 84
84 10
85 86
85 95
86 34
87 44
87 88
88 80
89 90
89 93
90 98
91 53
91 92
92 63
93 20
93 94
94 26
95 66
95 96
96 8
97 68
97 98
98 56
99 85
99 100
100 17
101 48
101 102
102 76
