0 1
0 17
1 21
1 42
2 3
2 41
4 23
4 77
6 9
6 80
9 24
9 33
11 30
11 64
15 31
15 37
16 61
17 75
17 93
18 6
19 27
19 92
20 11
21 22
21 81
22 53
23 24
23 25
24 34
25 47
25 66
26 28
27 43
27 56
28 16
29 50
29 99
30 38
31 26
31 62
32 52
33 34
33 59
34 68
35 69
35 84
36 26
37 55
37 87
38 16
39 57
39 72
40 51
41 4
41 76
42 40
43 20
43 44
44 8
45 60
45 101
46 32
47 36
47 48
48 14
49 50
49 95
50 63
51 45
51 52
52 98
53 18
53 54
54 67
55 12
55 56
56 28
57 2
57 71
58 38
59 15
59 70
60 46
61 13
61 62
62 32
63 22
63 64
64 48
65 91
65 97
66 7
67 19
67 68
68 96
69 5
69 70
70 60
71 72
71 78
72 85
73 74
73 94
74 46
75 18
75 76
76 89
77 82
77 88
78 73
79 66
79 102
80 74
81 54
81 82
82 78
83 58
83 84
84 36
85 49
85 86
86 35
87 83
87 88
88 90
89 42
89 90
90 44
91 79
91 92
92 86
93 39
93 94
94 58
95 40
95 96
96 20
97 29
97 98
98 100
99 30
99 100
100 10
101 65
101 102
102 80
