0 1
0 16
1 23
1 29
2 46
2 55
5 49
5 85
6 27
6 70
8 31
8 93
10 53
10 77
15 26
15 99
16 60
17 18
17 41
18 38
19 47
19 72
20 40
21 32
21 61
22 20
23 24
23 101
24 43
25 71
25 73
26 16
27 19
27 28
28 39
29 6
29 76
30 88
31 51
31 95
32 22
33 30
33 34
34 82
35 36
35 102
36 13
37 38
37 44
38 56
39 69
39 74
40 4
41 42
41 67
42 50
43 10
43 96
44 36
45 81
45 87
46 20
47 17
47 48
48 63
49 14
49 65
50 24
51 92
51 97
52 21
53 28
53 79
54 84
55 33
55 56
56 52
57 59
57 90
58 32
59 60
59 86
60 35
61 62
61 94
62 80
63 8
63 64
64 57
65 66
65 89
66 11
67 48
67 68
68 34
69 45
69 70
70 15
71 9
71 72
72 22
73 74
73 98
74 40
75 42
75 76
76 83
77 12
77 78
78 46
79 54
79 80
80 78
81 62
81 82
82 54
83 30
83 84
84 18
85 37
85 86
86 91
87 64
87 88
88 3
89 50
89 90
90 58
91 68
91 92
92 52
93 75
93 100
94 66
95 25
95 96
96 44
97 58
97 98
98 26
99 7
99 100
100 94
101 5
101 102
102 2
