0 1
0 17
1 28
1 37
2 32
2 101
4 9
4 102
5 70
5 71
8 13
8 29
9 12
9 40
15 8
15 87
16 2
17 47
17 89
18 91
19 20
19 48
20 16
21 19
21 65
22 4
23 15
23 39
24 100
25 76
25 96
26 24
27 28
27 66
28 54
29 30
29 90
30 27
31 32
31 45
32 50
33 51
33 63
34 6
35 49
35 58
36 84
37 38
37 55
38 79
39 41
39 57
40 25
41 44
41 75
42 82
43 44
43 46
44 85
45 86
45 95
46 18
47 18
47 48
48 16
49 50
49 83
50 36
51 52
51 68
52 31
53 33
53 54
54 61
55 56
55 73
56 22
57 53
57 58
58 52
59 26
59 60
60 14
61 34
61 62
62 10
63 59
63 64
64 43
65 72
65 88
66 74
67 38
67 94
68 42
69 70
69 80
70 99
71 64
71 98
72 66
73 5
73 92
74 62
75 42
75 81
76 78
77 93
77 97
78 11
79 60
79 80
80 20
81 76
81 82
82 34
83 36
83 84
84 56
85 40
85 86
86 46
87 21
87 88
88 22
89 69
89 90
90 67
91 7
91 92
92 74
93 78
93 94
94 68
95 3
95 96
96 26
97 24
97 98
98 72
99 23
99 100
100 30
101 35
101 102
102 77
