Minimum level: 2
Runtime (sec): 0.3228877920191735
Support network with minimum level
84 74
74 20
38 74
17 5
17 18
18 82
27 28
28 62
23 51
51 52
50 75
75 71
75 76
25 39
39 54
68 26
26 4
71 12
71 86
86 72
85 42
42 15
10 40
40 69
54 16
53 44
44 31
52 63
43 22
22 36
21 60
60 33
59 50
15 65
65 43
49 59
49 10
58 30
30 14
8 34
34 77
37 34
72 70
64 68
79 80
80 58
57 81
81 29
6 49
6 27
20 7
67 79
33 37
73 56
56 19
83 84
66 38
32 24
24 9
82 24
76 66
3 8
47 35
35 2
29 48
48 32
31 46
41 21
41 85
61 73
61 78
78 62
77 13
46 17
45 11
2 6
2 41
0 47
0 25
16 1
36 16
1 3
1 64
62 57
63 53
19 67
19 23
70 83
69 55
55 61
55 45
