Minimum level: 4
Runtime (sec): 0.5917488749837503
Support network with minimum level
88 52
52 99
19 4
4 61
16 22
22 48
21 74
74 8
73 6
0 67
0 2
67 27
2 49
2 41
99 39
99 100
62 86
86 12
85 38
38 26
33 34
34 64
31 32
32 17
61 68
83 89
89 90
78 18
18 5
27 79
79 1
76 44
44 28
63 93
63 96
93 64
96 40
95 36
36 65
35 25
25 45
39 63
100 16
15 80
80 33
1 3
1 19
40 54
54 28
91 92
92 78
77 56
56 43
68 66
97 31
20 98
98 70
49 87
87 9
59 60
60 50
51 88
81 42
42 97
28 82
82 15
64 94
94 30
17 78
45 24
24 21
65 46
46 37
66 72
26 84
84 30
90 95
71 90
72 75
50 40
3 71
3 53
53 91
53 83
70 13
29 51
29 73
57 69
57 58
69 85
58 10
23 47
47 35
41 81
41 23
8 14
37 57
37 29
30 20
43 7
43 76
75 62
55 77
10 55
10 59
48 11
