Minimum level: 4
Runtime (sec): 1.5131392910261638
Support network with minimum level
105 57
105 106
57 84
106 84
83 39
39 21
39 59
42 36
36 8
92 36
1 41
1 62
41 34
62 7
61 23
23 105
70 53
53 54
16 77
77 3
48 108
108 26
107 79
79 67
85 38
38 82
74 86
86 48
88 96
96 110
95 42
34 112
103 104
104 97
65 66
66 93
55 2
2 4
45 43
43 103
87 46
46 18
49 88
49 10
63 89
63 65
89 109
89 90
90 68
68 14
9 29
29 107
17 81
17 76
81 9
76 33
75 35
35 63
27 99
99 17
51 28
28 80
58 52
52 13
80 78
67 71
50 92
91 47
47 27
47 74
71 73
72 70
78 26
82 22
22 111
7 98
98 12
101 102
102 16
4 69
112 50
111 11
33 45
84 58
32 24
24 6
97 95
97 101
93 94
93 60
94 30
60 56
59 40
40 32
31 20
20 83
73 72
69 19
19 5
100 16
64 51
25 91
21 61
21 87
56 85
44 56
5 15
5 25
15 49
15 100
30 31
54 75
26 1
110 50
109 64
0 55
18 37
37 44
