Minimum level: 3
Runtime (sec): 1.054068291967269
Support network with minimum level
25 28
28 26
37 38
38 68
48 55
55 34
40 42
42 11
43 44
44 59
75 86
86 77
85 67
67 92
90 72
72 8
71 36
36 64
45 93
93 49
80 78
78 7
77 78
56 76
76 80
60 50
50 51
79 50
96 75
52 82
82 70
81 82
63 58
58 14
64 32
15 27
27 37
83 84
84 3
26 24
24 47
47 85
47 19
6 41
41 12
41 43
39 40
39 66
66 89
65 62
62 4
61 39
49 79
49 73
73 46
92 68
68 74
74 96
46 9
5 18
18 20
17 15
19 5
29 30
29 91
30 35
91 6
33 87
87 83
34 16
88 56
69 94
94 60
70 10
59 69
59 48
53 95
95 17
3 54
54 29
0 1
0 22
1 53
1 21
22 2
57 81
20 31
35 45
31 52
89 57
32 88
51 65
2 71
2 90
16 13
11 25
11 63
23 33
23 61
21 23
