Minimum level: 2
Runtime (sec): 26.194328458048403
Support network with minimum level
66 74
74 24
73 20
20 16
19 4
4 5
32 12
35 2
35 39
2 59
39 53
75 43
43 44
43 33
53 76
76 40
23 54
54 19
65 66
61 62
61 69
62 22
69 70
44 17
33 34
16 36
36 3
28 10
10 14
37 55
55 45
51 52
51 47
52 46
47 63
46 18
18 25
63 64
64 13
67 71
71 68
27 28
40 26
26 77
29 31
31 8
25 30
25 65
30 27
0 41
0 75
41 35
56 73
45 61
59 23
49 50
50 1
34 48
17 51
3 67
70 57
21 38
38 56
22 49
42 78
78 21
77 42
1 60
1 11
60 24
6 15
6 29
15 37
15 7
48 6
68 72
72 58
57 9
58 32
24 58
