Minimum level: 2
Runtime (sec): 0.02902900002663955
Support network with minimum level
66 74
74 24
73 20
20 16
19 4
4 5
4 44
32 12
35 2
35 39
2 59
39 53
75 43
75 76
43 33
76 40
53 54
54 19
23 66
65 62
62 22
61 69
69 70
44 17
33 34
16 36
36 3
28 10
10 14
37 55
37 52
55 45
52 46
51 47
47 63
46 18
18 25
63 64
64 13
67 71
71 68
27 28
40 26
26 77
29 31
29 30
31 8
30 27
25 65
0 41
0 75
41 35
56 73
45 61
59 23
59 60
49 50
50 1
34 48
17 51
3 67
70 57
21 38
38 56
22 49
42 78
78 21
77 42
60 24
1 11
6 15
6 29
15 37
15 7
48 6
68 72
72 58
57 9
58 32
24 58
