0 1
0 55
1 19
1 22
2 3
2 23
3 66
3 75
5 16
5 27
7 63
7 80
9 15
9 33
15 12
15 52
16 10
17 18
17 51
18 24
19 20
19 65
20 17
21 56
21 85
22 37
23 42
23 54
24 6
25 29
25 45
26 72
27 30
27 83
28 90
29 38
29 71
30 9
31 32
31 46
32 64
33 41
33 50
34 26
35 58
35 95
36 40
37 73
37 74
38 30
39 48
39 61
40 96
41 11
41 78
42 32
43 38
43 59
44 84
45 46
45 79
46 14
47 48
47 49
48 40
49 50
49 68
50 67
51 76
51 98
52 16
53 39
53 54
54 94
55 2
55 56
56 82
57 58
57 92
58 31
59 44
59 60
60 57
61 62
61 70
62 4
63 25
63 86
64 62
65 8
65 81
66 77
67 68
67 93
68 13
69 70
69 88
70 36
71 69
71 72
72 18
73 7
73 74
74 43
75 5
75 97
76 35
77 21
77 87
78 42
79 26
79 80
80 47
81 66
81 82
82 22
83 28
83 84
84 20
85 28
85 86
86 64
87 78
87 88
88 89
89 44
89 90
90 34
91 60
91 92
92 36
93 53
93 94
94 24
95 91
95 96
96 34
97 76
97 98
98 52
