0 2
0 27
1 3
1 32
2 19
2 85
3 20
3 76
4 5
4 47
7 16
7 64
8 36
8 46
15 21
15 97
16 30
17 23
17 53
18 34
19 35
19 73
20 7
21 28
21 57
22 52
23 4
23 24
24 90
25 66
25 81
26 94
27 1
27 75
28 29
29 30
29 65
30 37
31 41
31 69
32 42
33 34
33 49
34 10
35 36
35 91
36 70
37 38
37 55
38 26
39 15
39 40
40 56
41 32
41 42
42 17
43 40
43 44
44 24
45 12
45 46
46 43
47 48
47 59
48 22
49 50
49 54
50 87
51 67
51 98
52 60
53 18
53 54
54 72
55 45
55 84
56 31
57 22
57 80
58 74
59 6
59 60
60 89
61 16
61 62
62 83
63 14
63 64
64 11
65 66
65 68
66 8
67 68
67 79
68 61
69 70
69 82
70 9
71 72
71 93
72 63
73 51
73 74
74 20
75 28
75 76
76 50
77 39
77 86
78 38
79 58
79 80
80 62
81 82
81 92
82 48
83 58
83 84
84 56
85 86
85 96
86 95
87 71
87 88
88 13
89 26
89 90
90 88
91 33
91 92
92 78
93 77
93 94
94 18
95 78
95 96
96 44
97 25
97 98
98 52
