0 1
0 63
1 3
1 89
2 61
2 69
3 17
3 68
4 5
4 6
6 15
6 66
8 44
8 78
15 31
15 53
16 29
17 7
17 91
18 57
19 47
19 97
20 73
21 38
21 58
22 35
23 39
23 94
24 81
25 26
25 43
26 13
27 46
27 87
28 83
29 48
29 56
30 26
31 25
31 32
32 52
33 50
33 70
34 30
35 20
35 49
36 51
37 38
37 65
38 93
39 4
39 40
40 79
41 18
41 42
42 36
43 44
43 82
44 80
45 46
45 62
46 64
47 32
47 48
48 10
49 36
49 50
50 34
51 28
51 52
52 34
53 37
53 74
54 9
55 16
55 56
56 30
57 54
57 58
58 28
59 60
59 85
60 22
61 92
61 98
62 42
63 2
63 64
64 77
65 14
65 66
66 19
67 55
67 68
68 40
69 18
69 75
70 41
71 70
71 72
72 67
73 33
73 74
74 54
75 71
75 86
76 11
77 22
77 78
78 76
79 80
79 96
80 12
81 60
81 82
82 59
83 16
83 95
84 8
85 72
85 90
86 76
87 45
87 88
88 24
89 23
89 90
90 86
91 24
91 92
92 21
93 27
93 94
94 88
95 84
95 96
96 84
97 20
97 98
98 62
