0 59
0 88
1 20
1 39
3 18
3 35
4 11
4 17
6 57
6 98
7 53
7 64
11 46
11 82
15 32
15 44
16 72
17 45
17 92
18 6
19 13
19 21
20 3
21 20
21 81
22 55
23 24
23 62
24 31
25 26
25 71
26 48
27 66
27 68
28 8
29 25
29 30
30 70
31 7
31 32
32 5
33 29
33 34
34 30
35 38
35 74
36 54
37 38
37 85
38 23
39 52
39 67
40 73
41 22
41 94
42 14
43 44
43 86
44 16
45 12
45 61
46 33
47 48
47 65
48 34
49 42
49 56
50 9
51 27
51 52
52 58
53 10
53 84
54 60
55 56
55 95
56 50
57 40
57 58
58 40
59 1
59 89
60 16
61 62
61 63
62 75
63 46
63 69
64 36
65 66
65 96
66 28
67 4
67 77
68 22
69 64
69 70
70 50
71 37
71 80
72 47
73 43
73 97
74 83
75 41
75 91
76 72
77 68
77 78
78 93
79 76
79 80
80 76
81 51
81 87
82 90
83 36
83 84
84 54
85 19
85 86
86 24
87 82
87 88
88 2
89 60
89 90
90 49
91 79
91 92
92 18
93 74
93 94
94 42
95 15
95 96
96 26
97 78
97 98
98 28
