0 2
0 71
2 3
2 4
3 6
3 20
5 15
5 85
6 19
6 86
7 11
7 89
8 22
8 29
15 44
15 49
16 32
17 39
17 48
18 12
19 40
19 41
20 78
21 22
21 35
22 10
23 55
23 64
24 82
25 5
25 54
26 79
27 28
27 74
28 90
29 34
29 75
30 72
31 16
31 32
32 73
33 25
33 68
34 57
35 36
35 98
36 65
37 14
37 38
38 52
39 26
39 51
40 46
41 20
41 43
42 1
43 47
43 63
44 16
45 69
45 91
46 37
47 50
47 56
48 24
49 7
49 92
50 44
51 52
51 67
52 61
53 40
53 59
54 58
55 27
55 56
56 70
57 9
57 58
58 83
59 54
59 80
60 96
61 23
61 62
62 48
63 64
63 77
64 36
65 31
65 66
66 60
67 53
67 68
68 34
69 42
69 76
70 62
71 17
71 72
72 26
73 13
73 74
74 87
75 30
75 76
76 70
77 45
77 78
78 33
79 28
79 88
80 81
81 66
81 82
82 84
83 30
83 84
84 60
85 8
85 86
86 38
87 24
87 88
88 80
89 90
89 97
90 42
91 46
91 95
92 93
93 50
93 94
94 18
95 92
95 96
96 94
97 21
97 98
98 18
