0 2
0 33
1 26
1 74
2 5
2 75
3 38
3 95
4 16
4 55
5 40
5 82
7 31
7 34
15 43
15 80
16 14
17 7
17 18
18 42
19 20
19 25
20 22
21 11
21 22
22 44
23 4
23 48
24 18
25 26
25 59
26 3
27 28
27 92
28 13
29 47
29 90
30 20
31 37
31 62
32 67
33 34
33 45
34 78
35 24
35 36
36 10
37 83
37 88
38 36
39 40
39 52
40 17
41 32
41 42
42 27
43 49
43 72
44 12
45 57
45 63
46 29
47 30
47 48
48 35
49 50
49 53
50 85
51 44
51 94
52 6
53 19
53 65
54 46
55 28
55 58
56 70
57 71
57 87
58 56
59 16
59 60
60 46
61 24
61 62
62 21
63 64
63 76
64 32
65 56
65 66
66 68
67 91
67 93
68 81
69 70
69 73
70 54
71 58
71 79
72 86
73 61
73 74
74 23
75 39
75 77
76 54
77 76
77 78
78 84
79 72
79 80
80 30
81 82
81 96
82 98
83 84
83 89
84 64
85 1
85 86
86 51
87 50
87 88
88 66
89 41
89 90
90 9
91 68
91 92
92 8
93 15
93 94
94 52
95 60
95 96
96 97
97 38
97 98
98 69
