0 21
0 89
1 3
1 4
3 19
3 75
4 20
4 46
6 24
6 72
10 11
10 52
11 31
11 41
15 70
15 87
16 28
17 18
17 66
18 37
19 15
19 67
20 6
21 54
21 96
22 60
23 65
23 92
24 7
25 26
25 32
26 22
27 28
27 62
28 94
29 30
29 85
30 8
31 16
31 63
32 22
33 9
33 34
34 20
35 36
35 80
36 76
37 30
37 78
38 59
39 44
39 82
40 18
41 13
41 77
42 40
43 61
43 69
44 56
45 83
45 97
46 5
47 16
47 48
48 55
49 10
49 50
50 35
51 52
51 84
52 27
53 54
53 73
54 71
55 29
55 56
56 42
57 33
57 58
58 44
59 25
59 60
60 36
61 86
61 93
62 53
63 64
63 88
64 58
65 26
65 66
66 48
67 34
67 95
68 2
69 57
69 70
70 49
71 72
71 90
72 40
73 12
73 74
74 47
75 39
75 76
76 68
77 42
77 78
78 38
79 45
79 80
80 23
81 82
81 91
82 43
83 1
83 84
84 17
85 38
85 86
86 64
87 74
87 88
88 32
89 79
89 90
90 50
91 92
91 98
92 24
93 62
93 94
94 14
95 81
95 96
96 51
97 46
97 98
98 68
