0 91
0 92
1 23
1 81
2 43
2 94
3 57
3 66
4 6
4 55
5 10
5 54
8 56
8 79
15 41
15 51
16 53
17 18
17 63
18 67
19 16
19 20
20 68
21 36
21 50
22 34
23 24
23 98
24 49
25 42
25 64
26 32
27 2
27 28
28 12
29 33
29 65
30 60
31 26
31 32
32 20
33 34
33 48
34 25
35 29
35 36
36 4
37 22
37 38
38 70
39 40
39 85
40 26
41 42
41 93
42 13
43 3
43 44
44 77
45 17
45 47
46 30
47 59
47 61
48 46
49 35
49 80
50 97
51 16
51 58
52 11
53 54
53 62
54 74
55 73
55 83
56 75
57 8
57 58
58 52
59 46
59 69
60 39
61 48
61 62
62 87
63 30
63 64
64 90
65 38
65 66
66 7
67 68
67 89
68 96
69 60
69 70
70 82
71 1
71 72
72 5
73 18
73 74
74 78
75 28
75 76
76 9
77 14
77 78
78 76
79 84
79 88
80 50
81 15
81 82
82 22
83 84
83 95
84 80
85 27
85 86
86 19
87 72
87 88
88 52
89 86
89 90
90 40
91 45
91 92
92 71
93 24
93 94
94 21
95 56
95 96
96 44
97 37
97 98
98 31
