0 23
0 97
1 20
1 55
2 32
2 51
3 50
3 58
4 54
4 68
5 49
5 88
11 19
11 33
15 64
15 66
16 4
17 12
17 30
18 8
19 22
19 35
20 42
21 27
21 74
22 89
23 2
23 38
24 13
25 11
25 69
26 10
27 29
27 43
28 92
29 79
29 95
30 76
31 16
31 32
32 17
33 24
33 46
34 30
35 39
35 45
36 48
37 14
37 67
38 28
39 40
39 47
40 60
41 26
41 80
42 36
43 25
43 44
44 72
45 36
45 46
46 34
47 52
47 75
48 16
49 7
49 50
50 40
51 21
51 52
52 98
53 48
53 61
54 63
55 56
55 87
56 15
57 84
57 85
58 56
59 78
59 93
60 26
61 54
61 65
62 44
63 5
63 64
64 9
65 62
65 70
66 31
67 68
67 82
68 6
69 81
69 91
70 83
71 62
71 72
72 1
73 57
73 74
74 86
75 53
75 76
76 18
77 42
77 78
78 58
79 34
79 80
80 77
81 41
81 82
82 38
83 66
83 84
84 71
85 59
85 86
86 22
87 3
87 94
88 18
89 37
89 90
90 88
91 70
91 92
92 24
93 60
93 96
94 90
95 28
95 96
96 94
97 73
97 98
98 20
