0 19
0 47
1 9
1 18
2 36
2 65
3 17
3 71
6 33
6 79
9 14
9 51
10 57
10 83
15 21
15 24
16 60
17 18
17 22
18 26
19 1
19 20
20 34
21 20
21 93
22 25
23 29
23 37
24 94
25 46
25 63
26 39
27 32
27 92
28 5
29 82
29 90
30 42
31 24
31 76
32 28
33 69
33 73
34 44
35 54
35 66
36 4
37 3
37 74
38 50
39 10
39 62
40 96
41 2
41 59
42 16
43 30
43 49
44 56
45 46
45 91
46 26
47 48
47 89
48 22
49 44
49 50
50 35
51 15
51 52
52 75
53 41
53 95
54 36
55 56
55 97
56 13
57 11
57 58
58 78
59 42
59 60
60 7
61 55
61 62
62 40
63 61
63 80
64 54
65 23
65 66
66 30
67 53
67 88
68 58
69 40
69 70
70 72
71 77
71 87
72 43
73 34
73 74
74 38
75 27
75 98
76 32
77 72
77 78
78 84
79 8
79 86
80 64
81 45
81 82
82 31
83 84
83 85
84 70
85 12
85 86
86 80
87 81
87 88
88 68
89 67
89 90
90 38
91 52
91 92
92 6
93 48
93 94
94 16
95 64
95 96
96 68
97 28
97 98
98 76
