0 54
0 55
1 63
1 66
2 3
2 4
3 22
3 44
5 76
5 87
6 9
6 68
9 17
9 26
15 11
15 67
16 13
17 27
17 48
18 98
19 32
19 64
20 16
21 56
21 72
22 7
23 14
23 73
24 15
25 6
25 83
26 92
27 19
27 97
28 52
29 30
29 85
30 51
31 59
31 90
32 18
33 1
33 34
34 18
35 47
35 75
36 96
37 38
37 91
38 21
39 40
39 41
40 2
41 12
41 81
42 28
43 30
43 50
44 8
45 32
45 46
46 58
47 24
47 48
48 89
49 39
49 50
50 44
51 82
51 93
52 20
53 54
53 78
54 40
55 56
55 95
56 16
57 58
57 71
58 80
59 36
59 60
60 70
61 62
61 65
62 57
63 64
63 77
64 28
65 69
65 94
66 43
67 38
67 68
68 53
69 66
69 70
70 46
71 36
71 72
72 22
73 29
73 84
74 52
75 62
75 76
76 61
77 5
77 78
78 10
79 80
79 86
80 24
81 42
81 82
82 74
83 26
83 88
84 74
85 35
85 86
86 31
87 37
87 88
88 84
89 49
89 90
90 45
91 23
91 92
92 34
93 79
93 94
94 20
95 33
95 96
96 25
97 42
97 98
98 60
