0 1
0 25
1 32
1 73
2 3
2 95
4 46
4 59
5 8
5 18
6 74
6 93
12 60
12 84
15 16
15 42
16 6
17 88
17 97
18 63
19 39
19 77
20 48
21 22
21 31
22 14
23 24
23 91
24 54
25 41
25 85
26 71
27 43
27 67
28 10
29 80
29 94
30 20
31 2
31 36
32 86
33 18
33 65
34 32
35 44
35 57
36 55
37 19
37 58
38 9
39 30
39 40
40 38
41 21
41 42
42 4
43 29
43 44
44 36
45 46
45 70
46 35
47 15
47 79
48 82
49 28
49 52
50 37
51 30
51 52
52 68
53 49
53 54
54 90
55 34
55 62
56 20
57 12
57 58
58 40
59 11
59 60
60 69
61 62
61 81
62 66
63 7
63 64
64 61
65 66
65 83
66 78
67 26
67 68
68 50
69 13
69 87
70 76
71 24
71 72
72 45
73 16
73 75
74 23
75 74
75 76
76 17
77 26
77 78
78 98
79 80
79 96
80 51
81 22
81 82
82 28
83 84
83 92
84 64
85 27
85 86
86 5
87 70
87 88
88 33
89 53
89 90
90 72
91 50
91 92
92 34
93 38
93 94
94 89
95 47
95 96
96 48
97 56
97 98
98 56
