0 1
0 2
1 3
1 41
4 5
4 97
5 27
5 39
7 10
7 40
9 62
9 67
10 13
10 19
15 20
15 77
16 31
17 69
17 91
18 64
19 46
19 92
20 87
21 43
21 75
22 70
23 9
23 24
24 20
25 26
25 54
26 12
27 28
27 83
28 58
29 37
29 52
30 94
31 14
31 32
32 26
33 34
33 79
34 36
35 45
35 85
36 18
37 15
37 38
38 49
39 40
39 61
40 55
41 21
41 57
42 68
43 29
43 44
44 25
45 7
45 46
46 33
47 36
47 90
48 72
49 50
49 86
50 30
51 52
51 89
52 30
53 54
53 81
54 35
55 63
55 88
56 34
57 42
57 58
58 74
59 60
59 84
60 32
61 62
61 71
62 11
63 23
63 64
64 80
65 6
65 66
66 93
67 60
67 96
68 76
69 16
69 70
70 98
71 53
71 95
72 82
73 18
73 78
74 22
75 28
75 76
76 8
77 4
77 78
78 74
79 66
79 80
80 59
81 44
81 82
82 38
83 73
83 84
84 42
85 47
85 86
86 16
87 48
87 88
88 56
89 50
89 90
90 48
91 22
91 92
92 24
93 17
93 94
94 56
95 72
95 96
96 68
97 65
97 98
98 51
