0 1
0 2
1 21
1 89
2 29
2 57
3 30
3 82
4 8
4 50
7 92
7 94
9 28
9 73
15 4
15 63
16 37
17 58
17 83
18 26
19 20
19 45
20 6
21 27
21 38
22 49
23 18
23 90
24 35
25 54
25 93
26 60
27 22
27 53
28 22
29 36
29 85
30 40
31 17
31 33
32 30
33 32
33 66
34 75
35 51
35 84
36 79
37 61
37 88
38 25
39 41
39 62
40 46
41 23
41 78
42 65
43 32
43 44
44 38
45 13
45 46
46 48
47 5
47 80
48 64
49 31
49 56
50 68
51 36
51 59
52 19
53 28
53 74
54 26
55 52
55 56
56 50
57 3
57 58
58 76
59 60
59 81
60 96
61 55
61 62
62 87
63 16
63 64
64 20
65 24
65 66
66 34
67 52
67 71
68 7
69 24
69 70
70 42
71 68
71 72
72 91
73 14
73 74
74 54
75 47
75 86
76 72
77 39
77 78
78 70
79 43
79 80
80 48
81 67
81 82
82 34
83 77
83 84
84 15
85 69
85 86
86 76
87 40
87 88
88 98
89 9
89 90
90 42
91 16
91 97
92 12
93 18
93 95
94 11
95 94
95 96
96 10
97 92
97 98
98 44
