0 2
0 67
1 45
1 57
2 33
2 79
4 73
4 87
5 10
5 30
6 8
6 16
8 44
8 64
15 21
15 82
16 68
17 43
17 95
18 51
19 28
19 32
20 36
21 17
21 22
22 94
23 24
23 92
24 47
25 52
25 69
26 19
27 28
27 90
28 58
29 12
29 40
30 80
31 32
31 77
32 20
33 34
33 71
34 66
35 27
35 36
36 59
37 38
37 75
38 14
39 20
39 40
40 50
41 25
41 61
42 35
43 31
43 91
44 76
45 4
45 46
46 18
47 48
47 55
48 16
49 48
49 50
50 30
51 39
51 84
52 26
53 15
53 54
54 49
55 11
55 56
56 62
57 58
57 81
58 88
59 56
59 60
60 3
61 42
61 62
62 65
63 53
63 64
64 13
65 29
65 70
66 54
67 1
67 68
68 7
69 34
69 85
70 96
71 46
71 72
72 38
73 63
73 74
74 24
75 6
75 78
76 23
77 78
77 97
78 76
79 74
79 80
80 86
81 60
81 82
82 93
83 26
83 89
84 52
85 86
85 98
86 22
87 5
87 88
88 37
89 84
89 90
90 18
91 44
91 92
92 72
93 41
93 94
94 9
95 42
95 96
96 66
97 83
97 98
98 70
