0 53
0 85
1 3
1 46
2 7
2 74
3 6
3 33
4 20
4 69
5 18
5 55
7 15
7 59
15 36
15 39
16 30
17 37
17 57
18 11
19 5
19 52
20 48
21 27
21 66
22 94
23 29
23 42
24 19
25 77
25 91
26 63
27 1
27 70
28 54
29 30
29 41
30 56
31 4
31 32
32 16
33 34
33 35
34 28
35 24
35 36
36 9
37 34
37 38
38 84
39 61
39 83
40 45
41 40
41 78
42 80
43 13
43 44
44 58
45 18
45 46
46 31
47 17
47 87
48 16
49 24
49 50
50 32
51 65
51 67
52 95
53 71
53 75
54 98
55 12
55 56
56 44
57 58
57 97
58 14
59 38
59 60
60 92
61 40
61 62
62 28
63 22
63 64
64 10
65 52
65 66
66 60
67 68
67 88
68 81
69 70
69 82
70 62
71 25
71 72
72 2
73 48
73 74
74 8
75 54
75 76
76 79
77 76
77 93
78 86
79 72
79 80
80 49
81 21
81 82
82 43
83 47
83 84
84 64
85 86
85 89
86 42
87 51
87 88
88 96
89 68
89 90
90 73
91 26
91 92
92 26
93 78
93 94
94 20
95 22
95 96
96 90
97 23
97 98
98 50
