0 1
0 37
1 21
1 28
2 25
2 30
4 33
4 55
5 11
5 20
6 26
6 69
8 9
8 10
15 27
15 46
16 14
17 29
17 34
18 49
19 41
19 75
20 32
21 35
21 79
22 62
23 24
23 48
24 5
25 18
25 73
26 39
27 28
27 66
28 51
29 18
29 30
30 23
31 2
31 95
32 91
33 24
33 60
34 86
35 70
35 78
36 68
37 53
37 77
38 58
39 7
39 40
40 38
41 15
41 42
42 61
43 63
43 72
44 82
45 59
45 96
46 16
47 31
47 48
48 71
49 74
49 81
50 97
51 3
51 84
52 8
53 43
53 98
54 42
55 17
55 56
56 87
57 54
57 58
58 93
59 22
59 60
60 34
61 62
61 80
62 20
63 47
63 65
64 36
65 64
65 67
66 76
67 66
67 68
68 52
69 90
69 94
70 64
71 44
71 72
72 50
73 74
73 83
74 50
75 76
75 89
76 4
77 78
77 88
78 22
79 19
79 80
80 85
81 16
81 82
82 38
83 56
83 84
84 52
85 32
85 86
86 92
87 26
87 88
88 40
89 45
89 90
90 70
91 12
91 92
92 6
93 13
93 94
94 36
95 57
95 96
96 46
97 44
97 98
98 54
