0 1
0 60
1 6
1 91
2 63
2 82
3 35
3 87
5 48
5 77
9 17
9 41
12 33
12 79
15 27
15 57
16 23
17 61
17 95
18 38
19 53
19 58
20 14
21 40
21 52
22 16
23 30
23 39
24 98
25 2
25 37
26 54
27 28
27 34
28 21
29 30
29 47
30 96
31 75
31 76
32 45
33 16
33 80
34 51
35 36
35 90
36 34
37 38
37 44
38 20
39 40
39 81
40 26
41 12
41 66
42 22
43 44
43 68
44 26
45 29
45 46
46 18
47 9
47 48
48 10
49 59
49 65
50 78
51 52
51 74
52 64
53 70
53 88
54 20
55 56
55 67
56 62
57 31
57 58
58 84
59 50
59 60
60 25
61 11
61 62
62 42
63 64
63 85
64 56
65 32
65 71
66 93
67 42
67 68
68 36
69 50
69 70
70 28
71 66
71 94
72 3
73 72
73 74
74 22
75 32
75 76
76 69
77 49
77 92
78 73
79 80
79 97
80 43
81 13
81 83
82 4
83 82
83 84
84 18
85 15
85 86
86 55
87 8
87 89
88 54
89 88
89 90
90 24
91 5
91 92
92 78
93 86
93 94
94 72
95 19
95 96
96 24
97 46
97 98
98 7
