0 31
0 41
2 25
2 40
3 16
3 34
4 17
4 89
5 20
5 66
6 30
6 74
10 67
10 85
15 51
15 86
16 9
17 5
17 73
18 64
19 45
19 63
20 79
21 60
21 76
22 12
23 24
23 65
24 14
25 46
25 91
26 43
27 28
27 72
28 36
29 61
29 80
30 96
31 50
31 56
32 22
33 3
33 49
34 10
35 48
35 87
36 24
37 8
37 38
38 1
39 40
39 44
40 81
41 2
41 42
42 94
43 18
43 52
44 32
45 23
45 46
46 71
47 55
47 68
48 75
49 34
49 50
50 62
51 52
51 98
52 83
53 22
53 58
54 15
55 57
55 69
56 42
57 48
57 58
58 54
59 20
59 60
60 32
61 62
61 78
62 38
63 59
63 64
64 37
65 82
65 92
66 95
67 19
67 68
68 26
69 56
69 88
70 27
71 47
71 97
72 11
73 18
73 74
74 21
75 36
75 84
76 7
77 35
77 78
78 4
79 13
79 80
80 30
81 77
81 82
82 90
83 44
83 84
84 76
85 70
85 93
86 28
87 29
87 88
88 70
89 6
89 90
90 66
91 33
91 92
92 53
93 86
93 94
94 39
95 54
95 96
96 26
97 72
97 98
98 16
