Minimum level: 3
Runtime (sec): 39.56450204196153
Support network with minimum level
37 101
37 13
101 91
55 81
55 57
81 17
81 82
57 63
80 86
86 42
85 86
21 22
22 1
95 96
96 46
76 84
84 90
0 79
0 51
79 75
51 73
24 14
70 18
18 11
17 18
103 104
104 37
58 100
100 80
73 98
35 52
35 25
52 53
25 26
75 76
75 43
66 34
34 7
31 33
33 87
78 28
28 29
65 66
87 88
88 56
63 88
7 64
64 23
39 16
16 42
26 40
40 56
56 45
15 89
15 102
89 24
102 38
91 38
59 5
59 60
60 77
6 78
77 8
8 10
8 9
49 41
41 36
61 50
50 93
67 62
62 4
43 19
43 44
97 69
69 3
98 74
90 68
68 85
82 92
27 30
30 15
29 31
36 21
20 94
94 27
93 59
74 58
83 95
19 99
19 2
99 103
2 49
2 97
44 20
47 48
48 71
71 32
32 39
45 72
72 46
23 70
3 61
3 6
38 47
46 54
10 55
10 35
54 67
53 83
92 65
42 12
