Minimum level: 3
Runtime (sec): 0.02034337498480454
Support network with minimum level
64 4
4 35
4 49
31 65
65 3
59 56
56 34
37 60
60 30
46 38
38 32
0 1
0 2
1 71
2 73
2 69
36 46
57 58
58 24
23 17
17 21
41 6
41 48
6 15
6 43
48 66
47 29
29 37
66 42
42 52
19 47
33 5
33 67
5 10
67 68
15 53
15 54
53 22
54 16
22 36
21 18
18 41
63 64
71 27
44 39
39 72
72 62
62 32
61 55
55 12
55 59
34 44
68 36
35 11
20 28
28 31
27 20
26 50
50 19
49 23
73 63
73 74
74 51
52 33
51 61
16 13
45 57
3 8
3 40
30 7
40 30
43 25
32 14
25 45
24 26
69 70
70 9
