Minimum level: 5
Runtime (sec): 0.10953516594599932
Support network with minimum level
12 13
12 14
37 35
37 38
35 36
35 67
38 1
45 57
57 46
21 23
21 47
23 45
23 25
47 37
39 61
61 41
59 60
60 73
73 74
74 55
48 40
40 81
53 9
71 54
54 52
44 72
72 20
31 51
31 27
51 59
51 32
27 75
27 68
80 16
16 4
77 16
66 78
78 44
56 18
18 28
79 80
63 64
64 6
4 5
46 44
30 24
24 63
25 24
2 26
26 49
36 30
41 33
42 62
62 76
33 31
68 34
34 48
69 70
70 42
81 22
22 2
19 82
82 3
75 58
58 28
76 7
67 39
1 12
1 56
65 66
43 15
15 17
28 50
32 69
0 21
29 79
50 20
20 11
6 53
6 10
17 29
17 77
49 19
52 50
55 71
55 65
3 8
3 43
