Minimum level: 7
Runtime (sec): 0.732654542021919
Support network with minimum level
88 68
68 1
28 68
27 37
27 28
37 25
37 72
73 74
74 20
23 24
24 47
8 51
51 57
85 61
85 86
61 3
61 62
86 26
25 66
66 16
65 4
4 35
4 12
58 50
50 56
55 50
56 11
35 55
35 81
81 53
79 23
79 80
80 54
57 17
1 5
5 10
5 70
83 84
84 30
75 60
60 44
63 76
76 65
78 64
64 13
72 38
38 32
49 58
17 14
48 82
82 36
53 87
47 75
47 48
3 15
62 34
33 18
18 41
31 49
71 46
46 33
87 88
30 22
29 77
77 40
16 20
45 71
22 42
42 26
41 27
2 85
2 59
59 83
59 63
0 73
0 19
19 67
19 43
20 29
54 52
67 2
39 6
40 7
44 78
70 21
69 8
26 39
32 22
52 31
34 52
15 69
15 45
21 9
36 32
43 79
