Minimum level: 1
Runtime (sec): 0.16755104099866003
Support network with minimum level
57 29
29 30
37 58
58 71
18 38
38 11
26 16
16 9
51 52
52 1
0 2
2 3
2 55
61 27
61 62
27 65
62 67
23 17
17 14
74 49
49 18
1 43
1 75
71 51
25 72
72 22
31 26
31 70
70 32
69 42
42 36
35 7
7 57
7 45
32 28
28 59
30 64
20 30
43 54
54 41
53 46
46 44
22 36
21 73
73 74
59 10
50 24
24 68
75 76
76 20
19 39
39 47
39 31
44 23
33 34
34 25
66 12
5 35
47 48
65 66
9 21
63 61
64 8
68 60
67 50
56 18
55 56
48 4
45 40
45 53
40 37
60 13
3 15
3 6
15 19
15 5
41 33
41 69
36 63
