Minimum level: 4
Runtime (sec): 6.704756667022593
Support network with minimum level
48 26
26 58
66 26
35 45
45 4
45 57
33 36
36 41
62 30
30 28
3 43
43 64
37 38
38 67
73 74
73 7
74 62
0 1
0 2
1 61
1 69
29 33
78 18
18 68
51 29
25 52
52 56
41 34
34 66
11 42
42 14
59 46
46 76
63 60
60 40
64 16
67 44
44 31
68 48
28 54
40 28
17 6
6 37
6 9
23 24
23 47
24 51
47 48
54 25
53 17
58 22
22 10
21 53
61 3
27 19
19 15
19 75
71 72
71 77
72 63
77 65
32 8
31 32
31 23
76 50
50 13
49 27
15 55
15 73
55 70
39 5
56 78
70 16
69 35
57 59
4 71
75 20
10 12
10 11
20 39
16 21
65 49
