Minimum level: 1
Runtime (sec): 0.024504416971467435
Support network with minimum level
31 61
61 62
33 28
28 23
37 38
38 34
34 30
70 64
64 50
49 15
15 35
15 40
7 39
7 41
39 59
41 42
2 7
2 8
46 22
22 29
21 62
62 25
20 32
32 5
4 65
65 33
54 20
0 45
45 2
45 55
67 26
26 1
48 68
68 13
66 46
55 56
56 31
27 21
42 4
29 69
29 47
69 19
47 37
35 43
40 52
59 60
60 27
16 58
58 48
57 24
24 11
17 44
44 30
51 52
52 53
1 3
50 10
30 36
36 18
43 6
43 51
18 14
11 16
53 54
63 70
19 63
19 12
6 17
6 66
23 57
23 49
25 67
25 9
