Minimum level: 2
Runtime (sec): 0.029217499948572367
Support network with minimum level
31 45
31 38
45 78
38 10
37 13
9 63
63 73
63 64
71 72
72 12
73 74
73 24
74 27
24 26
23 40
40 18
39 19
19 67
21 3
21 22
22 47
41 51
51 61
1 43
1 4
43 44
4 17
2 7
61 62
62 8
44 42
42 80
26 59
59 11
36 60
60 49
34 32
32 9
78 52
77 31
79 75
75 76
80 36
29 65
65 33
33 34
8 30
30 37
49 50
50 28
54 20
20 16
67 29
57 68
68 16
18 58
58 77
16 5
35 1
47 48
48 36
66 70
70 26
76 55
17 6
17 41
55 21
27 56
56 66
28 46
52 46
53 54
53 57
6 15
6 23
64 2
0 25
25 35
25 71
46 14
15 39
15 69
69 79
69 53
