Minimum level: 4
Runtime (sec): 17.367139958019834
Support network with minimum level
93 107
107 21
111 112
112 94
94 88
54 71
71 111
71 84
55 59
55 110
59 32
110 75
109 108
108 6
21 29
21 73
5 7
7 12
7 11
85 86
86 8
96 52
52 65
1 69
1 4
69 95
50 70
70 34
95 74
12 63
12 13
63 60
78 32
32 24
60 26
22 64
64 92
48 2
2 78
31 15
15 17
103 54
16 104
104 28
98 102
102 78
101 40
40 33
25 58
58 46
81 82
82 18
43 44
44 109
67 89
89 90
49 19
49 80
19 23
19 45
80 106
79 14
29 1
73 99
73 57
61 62
62 67
47 48
23 42
42 38
24 5
84 55
83 3
35 83
66 36
36 41
100 90
90 38
38 68
68 20
77 27
27 93
97 98
97 76
76 87
39 35
75 97
92 56
56 9
17 53
17 30
53 103
53 43
30 39
46 34
65 66
8 10
41 91
26 79
20 16
91 105
33 26
45 96
45 31
88 72
87 88
72 101
18 22
57 81
51 85
51 37
37 49
0 61
0 77
34 18
99 100
74 51
28 25
106 50
105 47
