Minimum level: 5
Runtime (sec): 10.396604457986541
Support network with minimum level
37 23
37 38
23 24
38 84
91 99
99 102
18 26
26 50
43 98
98 60
97 98
24 14
77 20
20 89
95 96
96 78
66 56
56 33
84 42
83 84
53 16
16 27
92 54
54 18
0 47
0 2
47 19
47 63
2 61
2 49
51 85
51 32
85 52
32 74
17 86
86 70
52 22
21 15
15 12
15 25
41 8
42 51
59 75
75 68
67 62
62 93
68 72
70 76
76 13
100 80
80 17
79 80
57 28
28 66
73 58
58 48
74 90
89 39
34 10
33 3
50 34
36 106
106 65
105 45
45 9
5 97
69 44
44 100
65 41
101 5
102 100
30 92
60 69
93 94
94 46
29 94
78 30
39 21
90 55
1 71
1 88
71 104
88 57
87 105
49 7
7 87
63 59
63 64
64 22
55 95
25 43
25 53
9 37
9 11
46 77
72 73
22 48
4 6
4 101
31 1
31 82
82 91
81 36
61 67
19 83
19 29
104 40
103 81
40 4
27 35
27 79
35 31
35 103
48 30
