Minimum level: 3
Runtime (sec): 613.5663135420182
Support network with minimum level
76 72
72 41
32 72
36 14
16 37
37 66
37 51
0 79
0 2
79 75
2 63
63 6
6 9
21 64
21 12
64 57
39 69
39 85
69 40
85 86
86 3
3 13
9 15
9 77
27 26
26 42
19 28
28 4
23 20
20 24
24 55
58 30
30 70
45 46
46 5
52 86
77 11
65 78
78 31
66 53
51 49
50 36
75 73
18 80
80 10
73 35
71 76
71 39
17 59
59 60
83 34
34 43
15 84
84 21
44 16
5 67
67 68
60 8
61 62
61 45
62 33
70 38
38 52
49 50
35 29
29 61
29 1
53 19
41 54
54 42
55 56
55 71
56 27
40 58
1 17
31 74
74 47
68 32
47 48
48 7
43 44
81 82
82 18
42 18
57 22
22 25
33 83
33 65
25 23
25 81
