0 27
0 73
1 6
1 71
2 23
2 33
3 31
3 38
6 10
6 52
8 11
8 12
10 14
10 16
15 2
15 43
16 51
17 50
17 69
18 28
19 16
19 20
20 18
21 15
21 55
22 20
23 26
23 35
24 29
25 21
25 36
26 3
27 34
27 53
28 65
29 1
29 30
30 60
31 47
31 62
32 48
33 32
33 68
34 28
35 36
35 63
36 26
37 30
37 38
38 17
39 22
39 40
40 72
41 61
41 66
42 49
43 19
43 56
44 24
45 32
45 46
46 42
47 48
47 57
48 22
49 50
49 59
50 18
51 13
51 52
52 37
53 25
53 64
54 44
55 39
55 56
56 44
57 40
57 58
58 24
59 5
59 60
60 9
61 46
61 62
62 45
63 54
63 64
64 54
65 66
65 70
66 7
67 58
67 68
68 34
69 70
69 74
70 4
71 42
71 72
72 8
73 67
73 74
74 41
