0 22
0 35
1 49
1 54
2 5
2 33
4 8
4 16
5 10
5 17
6 11
6 40
7 47
7 70
15 2
15 16
16 46
17 39
17 71
18 60
19 23
19 62
20 12
21 22
21 32
22 1
23 51
23 69
24 64
25 20
25 28
26 43
27 28
27 59
28 26
29 34
29 37
30 27
31 3
31 32
32 73
33 30
33 34
34 38
35 36
35 41
36 48
37 45
37 63
38 50
39 53
39 68
40 25
41 21
41 42
42 36
43 42
43 44
44 61
45 38
45 46
46 55
47 48
47 66
48 13
49 31
49 50
50 30
51 7
51 56
52 44
53 9
53 54
54 29
55 19
55 56
56 52
57 4
57 58
58 52
59 24
59 60
60 57
61 14
61 62
62 20
63 18
63 64
64 6
65 15
65 66
66 67
67 68
67 74
68 72
69 24
69 70
70 26
71 18
71 72
72 40
73 65
73 74
74 58
