0 17
0 36
2 3
2 55
3 26
3 69
4 33
4 60
5 47
5 58
6 7
6 8
9 21
9 48
15 2
15 16
16 23
17 31
17 64
18 12
19 54
19 70
20 10
21 22
21 45
22 42
23 24
23 35
24 18
25 4
25 73
26 41
27 34
27 66
28 46
29 5
29 30
30 6
31 37
31 59
32 14
33 30
33 34
34 11
35 22
35 36
36 28
37 32
37 38
38 16
39 40
39 61
40 72
41 50
41 62
42 13
43 49
43 56
44 39
45 32
45 46
46 74
47 20
47 68
48 38
49 50
49 53
50 42
51 44
51 71
52 44
53 52
53 57
54 40
55 19
55 56
56 67
57 54
57 58
58 9
59 15
59 60
60 29
61 24
61 63
62 27
63 62
63 64
64 65
65 18
65 66
66 28
67 20
67 68
68 48
69 51
69 70
70 43
71 52
71 72
72 25
73 26
73 74
74 1
