0 59
0 62
1 17
1 43
2 8
2 60
4 24
4 66
5 13
5 54
6 16
6 34
7 20
7 23
15 18
15 32
16 12
17 4
17 67
18 5
19 20
19 38
20 10
21 28
21 39
22 74
23 21
23 29
24 27
25 16
25 26
26 22
27 45
27 69
28 36
29 40
29 41
30 26
31 42
31 49
32 35
33 9
33 55
34 19
35 36
35 70
36 22
37 38
37 64
38 11
39 31
39 40
40 24
41 30
41 47
42 32
43 3
43 58
44 37
45 44
45 57
46 56
47 42
47 48
48 53
49 33
49 50
50 15
51 1
51 52
52 68
53 50
53 54
54 30
55 65
55 73
56 34
57 46
57 63
58 44
59 60
59 61
60 7
61 51
61 62
62 2
63 58
63 64
64 48
65 56
65 66
66 6
67 68
67 72
68 14
69 28
69 70
70 71
71 25
71 72
72 18
73 46
73 74
74 52
