0 1
0 2
1 32
1 49
2 51
2 63
3 26
3 41
6 8
6 20
8 19
8 72
9 17
9 23
15 16
15 31
16 28
17 65
17 69
18 34
19 12
19 20
20 16
21 18
21 22
22 70
23 24
23 64
24 25
25 18
25 27
26 74
27 54
27 61
28 50
29 5
29 48
30 44
31 14
31 33
32 22
33 34
33 47
34 56
35 30
35 38
36 42
37 13
37 38
38 60
39 10
39 52
40 59
41 43
41 62
42 7
43 42
43 44
44 57
45 36
45 46
46 73
47 32
47 48
48 30
49 24
49 68
50 45
51 9
51 52
52 40
53 54
53 55
54 28
55 56
55 66
56 40
57 37
57 58
58 4
59 3
59 60
60 36
61 26
61 62
62 6
63 39
63 64
64 71
65 15
65 66
66 50
67 46
67 68
68 53
69 21
69 70
70 58
71 67
71 72
72 11
73 35
73 74
74 29
