0 53
0 71
1 30
1 35
2 47
2 60
3 7
3 64
4 6
4 23
7 16
7 27
10 52
10 55
15 24
15 72
16 10
17 41
17 51
18 11
19 45
19 46
20 33
21 22
21 56
22 28
23 31
23 61
24 20
25 13
25 65
26 18
27 32
27 43
28 20
29 30
29 69
30 59
31 32
31 57
32 44
33 34
33 48
34 25
35 36
35 37
36 26
37 19
37 38
38 28
39 40
39 66
40 24
41 1
41 42
42 50
43 38
43 44
44 21
45 46
45 62
46 15
47 18
47 48
48 16
49 12
49 50
50 26
51 52
51 74
52 14
53 17
53 70
54 63
55 34
55 68
56 9
57 40
57 58
58 56
59 3
59 60
60 49
61 5
61 62
62 67
63 2
63 73
64 8
65 36
65 66
66 42
67 29
67 68
68 58
69 22
69 70
70 54
71 54
71 72
72 4
73 64
73 74
74 39
