0 1
0 2
1 4
1 23
2 19
2 21
3 9
3 20
6 50
6 56
9 47
9 53
11 28
11 39
15 10
15 42
16 72
17 25
17 68
18 52
19 29
19 57
20 26
21 5
21 22
22 13
23 3
23 46
24 61
25 14
25 63
26 15
27 28
27 41
28 17
29 27
29 37
30 18
31 11
31 32
32 12
33 6
33 35
34 55
35 34
35 36
36 54
37 30
37 38
38 51
39 40
39 67
40 24
41 42
41 69
42 24
43 36
43 44
44 20
45 59
45 64
46 40
47 45
47 48
48 30
49 38
49 50
50 62
51 52
51 60
52 32
53 54
53 70
54 7
55 65
55 71
56 43
57 44
57 58
58 8
59 60
59 66
60 73
61 16
61 62
62 58
63 26
63 64
64 18
65 56
65 66
66 46
67 16
67 68
68 74
69 49
69 70
70 34
71 31
71 72
72 22
73 33
73 74
74 48
