0 1
0 49
1 6
1 69
2 55
2 59
4 10
4 17
6 7
6 8
7 15
7 29
8 22
8 27
15 14
15 26
16 20
17 18
17 30
18 28
19 9
19 20
20 5
21 22
21 64
22 12
23 24
23 40
24 53
25 48
25 61
26 36
27 42
27 60
28 58
29 13
29 73
30 19
31 34
31 71
32 16
33 4
33 72
34 25
35 3
35 63
36 46
37 38
37 62
38 23
39 11
39 40
40 31
41 33
41 68
42 39
43 50
43 66
44 32
45 24
45 47
46 16
47 46
47 48
48 26
49 45
49 50
50 32
51 52
51 57
52 28
53 54
53 67
54 41
55 54
55 56
56 65
57 2
57 58
58 21
59 35
59 70
60 52
61 18
61 62
62 30
63 36
63 74
64 43
65 34
65 66
66 44
67 51
67 68
68 42
69 38
69 70
70 60
71 44
71 72
72 56
73 37
73 74
74 64
