0 55
0 57
1 32
1 68
3 15
3 42
4 5
4 54
5 10
5 29
10 12
10 21
11 27
11 62
15 16
15 36
16 2
17 19
17 20
18 24
19 14
19 20
20 18
21 33
21 37
22 16
23 30
23 35
24 45
25 39
25 43
26 52
27 31
27 58
28 8
29 9
29 30
30 40
31 17
31 32
32 3
33 22
33 64
34 18
35 26
35 36
36 56
37 50
37 51
38 61
39 1
39 40
40 49
41 22
41 42
42 46
43 26
43 67
44 41
45 47
45 59
46 48
47 46
47 48
48 7
49 50
49 73
50 11
51 38
51 52
52 70
53 54
53 71
54 38
55 56
55 72
56 66
57 25
57 63
58 28
59 6
59 60
60 58
61 23
61 62
62 13
63 60
63 64
64 53
65 34
65 66
66 28
67 44
67 68
68 69
69 4
69 70
70 24
71 65
71 74
72 44
73 34
73 74
74 72
