0 23
0 69
2 3
2 4
3 6
3 58
4 9
4 42
5 12
5 54
6 39
6 63
9 16
9 45
15 17
15 38
16 34
17 16
17 19
18 44
19 32
19 56
20 10
21 22
21 73
22 60
23 36
23 72
24 22
25 24
25 26
26 14
27 28
27 61
28 24
29 33
29 51
30 71
31 32
31 66
32 18
33 30
33 34
34 64
35 1
35 36
36 2
37 26
37 38
38 59
39 7
39 40
40 52
41 21
41 42
42 50
43 48
43 62
44 40
45 37
45 46
46 25
47 20
47 68
48 44
49 30
49 50
50 74
51 46
51 52
52 5
53 35
53 55
54 11
55 54
55 56
56 29
57 13
57 58
58 31
59 49
59 60
60 47
61 53
61 62
62 70
63 41
63 64
64 57
65 20
65 66
66 18
67 8
67 68
68 48
69 27
69 70
70 15
71 67
71 72
72 28
73 43
73 74
74 65
