0 1
0 2
1 3
1 40
2 18
2 24
3 39
3 60
4 57
4 65
6 34
6 37
7 26
7 28
15 9
15 33
16 21
17 18
17 51
18 35
19 6
19 72
20 23
21 32
21 50
22 25
23 22
23 54
24 55
25 56
25 74
26 38
27 28
27 59
28 13
29 20
29 61
30 26
31 32
31 62
32 58
33 27
33 67
34 16
35 49
35 73
36 24
37 12
37 38
38 68
39 40
39 52
40 43
41 15
41 42
42 48
43 46
43 71
44 47
45 46
45 64
46 44
47 34
47 48
48 7
49 29
49 50
50 11
51 42
51 52
52 19
53 8
53 54
54 36
55 41
55 56
56 30
57 45
57 70
58 22
59 16
59 60
60 5
61 30
61 62
62 53
63 20
63 64
64 31
65 17
65 66
66 58
67 44
67 68
68 14
69 36
69 70
70 66
71 4
71 72
72 63
73 69
73 74
74 10
