0 2
0 18
1 36
1 65
2 31
2 42
3 39
3 57
5 32
5 50
6 8
6 45
7 13
7 54
15 5
15 35
16 46
17 49
17 53
18 22
19 20
19 52
20 74
21 3
21 25
22 1
23 24
23 28
24 27
25 26
25 29
26 67
27 12
27 61
28 47
29 30
29 55
30 7
31 32
31 69
32 19
33 40
33 48
34 58
35 43
35 66
36 71
37 21
37 38
38 6
39 24
39 40
40 44
41 56
41 70
42 68
43 36
43 44
44 26
45 30
45 64
46 41
47 20
47 48
48 34
49 18
49 50
50 9
51 4
51 52
52 10
53 54
53 60
54 16
55 56
55 59
56 42
57 58
57 63
58 14
59 22
59 60
60 11
61 28
61 62
62 33
63 17
63 64
64 46
65 15
65 66
66 23
67 38
67 73
68 51
69 37
69 70
70 34
71 62
71 72
72 16
73 68
73 74
74 72
