0 2
0 26
2 19
2 29
3 6
3 39
4 7
4 73
6 10
6 15
8 21
8 72
11 13
11 22
15 55
15 71
16 4
17 46
17 60
18 38
19 3
19 20
20 52
21 25
21 68
22 14
23 67
23 69
24 8
25 26
25 61
26 51
27 42
27 62
28 5
29 41
29 45
30 23
31 32
31 63
32 66
33 17
33 34
34 28
35 18
35 36
36 9
37 38
37 59
38 58
39 31
39 65
40 11
41 16
41 42
42 32
43 12
43 44
44 36
45 30
45 46
46 35
47 24
47 49
48 33
49 48
49 50
50 64
51 52
51 54
52 48
53 44
53 54
54 50
55 56
55 70
56 18
57 47
57 58
58 40
59 27
59 60
60 1
61 22
61 62
62 34
63 30
63 64
64 20
65 40
65 66
66 74
67 28
67 68
68 56
69 24
69 70
70 16
71 53
71 72
72 43
73 37
73 74
74 57
