0 2
0 19
1 5
1 6
2 27
2 58
3 8
3 30
4 48
4 72
6 33
6 34
8 36
8 53
15 7
15 40
16 50
17 18
17 55
18 66
19 21
19 24
20 38
21 20
21 57
22 10
23 29
23 31
24 32
25 26
25 64
26 68
27 23
27 63
28 51
29 60
29 69
30 67
31 32
31 59
32 47
33 22
33 34
34 44
35 28
35 61
36 46
37 16
37 38
38 14
39 36
39 40
40 25
41 18
41 42
42 43
43 12
43 44
44 49
45 52
45 62
46 74
47 1
47 48
48 42
49 35
49 50
50 20
51 26
51 65
52 54
53 13
53 54
54 9
55 11
55 56
56 73
57 58
57 71
58 41
59 4
59 60
60 24
61 39
61 62
62 46
63 28
63 64
64 37
65 52
65 70
66 3
67 56
67 68
68 45
69 30
69 70
70 66
71 22
71 72
72 17
73 15
73 74
74 16
