0 19
0 52
1 3
1 59
3 35
3 39
4 34
4 47
5 15
5 17
6 9
6 10
9 21
9 30
15 13
15 37
16 6
17 63
17 65
18 29
19 20
19 43
20 32
21 18
21 22
22 56
23 7
23 71
24 44
25 4
25 26
26 41
27 16
27 28
28 11
29 12
29 68
30 58
31 16
31 45
32 24
33 40
33 53
34 62
35 5
35 36
36 61
37 20
37 38
38 24
39 31
39 72
40 18
41 42
41 51
42 38
43 1
43 44
44 27
45 49
45 55
46 69
47 46
47 60
48 50
49 32
49 57
50 33
51 22
51 67
52 2
53 34
53 70
54 64
55 56
55 73
56 8
57 50
57 58
58 28
59 25
59 60
60 48
61 14
61 74
62 23
63 64
63 66
64 52
65 36
65 66
66 48
67 54
67 68
68 30
69 26
69 70
70 54
71 42
71 72
72 40
73 46
73 74
74 62
