0 15
0 25
1 37
1 65
2 47
2 72
3 5
3 45
4 18
4 42
5 23
5 63
8 14
8 38
15 30
15 59
16 34
17 28
17 36
18 12
19 40
19 61
20 7
21 1
21 51
22 18
23 41
23 50
24 62
25 31
25 57
26 27
27 56
27 64
28 22
29 35
29 74
30 2
31 32
31 55
32 21
33 16
33 34
34 32
35 36
35 66
36 58
37 3
37 38
38 13
39 53
39 60
40 54
41 26
41 71
42 11
43 26
43 44
44 30
45 6
45 69
46 22
47 48
47 52
48 70
49 24
49 50
50 24
51 52
51 67
52 49
53 4
53 54
54 29
55 33
55 56
56 28
57 43
57 58
58 48
59 60
59 73
60 40
61 20
61 62
62 20
63 10
63 64
64 19
65 66
65 68
66 44
67 46
67 68
68 39
69 46
69 70
70 8
71 42
71 72
72 17
73 16
73 74
74 9
