0 21
0 42
1 22
1 29
2 4
2 35
4 5
4 50
5 7
5 8
7 19
7 25
8 17
8 20
15 33
15 36
16 24
17 23
17 60
18 6
19 10
19 59
20 56
21 22
21 55
22 32
23 24
23 57
24 26
25 9
25 26
26 45
27 48
27 58
28 68
29 30
29 53
30 51
31 54
31 74
32 49
33 34
33 39
34 63
35 3
35 38
36 62
37 43
37 69
38 44
39 40
39 70
40 36
41 31
41 42
42 1
43 20
43 72
44 40
45 18
45 66
46 12
47 30
47 73
48 41
49 50
49 67
50 52
51 15
51 52
52 65
53 46
53 54
54 32
55 2
55 56
56 34
57 18
57 61
58 37
59 27
59 60
60 47
61 58
61 71
62 16
63 28
63 64
64 38
65 16
65 66
66 46
67 11
67 68
68 13
69 64
69 70
70 14
71 62
71 72
72 44
73 48
73 74
74 28
