0 35
0 74
1 23
1 52
4 24
4 33
5 7
5 8
7 22
7 71
8 32
8 43
9 54
9 62
15 11
15 73
16 30
17 45
17 60
18 64
19 2
19 25
20 10
21 39
21 72
22 70
23 17
23 24
24 67
25 20
25 51
26 40
27 15
27 68
28 26
29 5
29 49
30 34
31 21
31 57
32 12
33 34
33 42
34 19
35 36
35 41
36 66
37 18
37 38
38 28
39 40
39 61
40 13
41 1
41 42
42 53
43 27
43 44
44 16
45 4
45 46
46 26
47 50
47 55
48 16
49 30
49 59
50 6
51 46
51 52
52 3
53 29
53 54
54 69
55 48
55 56
56 63
57 32
57 58
58 38
59 56
59 60
60 37
61 9
61 62
62 58
63 50
63 64
64 20
65 31
65 66
66 48
67 47
67 68
68 28
69 14
69 70
70 18
71 65
71 72
72 22
73 44
73 74
74 36
