0 16
0 31
1 47
1 51
2 63
2 74
3 8
3 57
4 5
4 29
6 10
6 18
11 13
11 48
15 1
15 25
16 26
17 21
17 60
18 9
19 20
19 70
20 33
21 35
21 50
22 56
23 15
23 71
24 16
25 24
25 72
26 2
27 38
27 43
28 42
29 49
29 59
30 68
31 27
31 67
32 30
33 11
33 34
34 37
35 12
35 41
36 19
37 40
37 45
38 28
39 23
39 40
40 7
41 36
41 64
42 14
43 39
43 44
44 4
45 38
45 46
46 18
47 17
47 55
48 58
49 6
49 53
50 69
51 20
51 52
52 36
53 54
53 73
54 22
55 48
55 62
56 3
57 52
57 58
58 66
59 32
59 61
60 46
61 60
61 62
62 56
63 44
63 64
64 42
65 26
65 66
66 30
67 32
67 68
68 28
69 54
69 70
70 34
71 24
71 72
72 65
73 50
73 74
74 22
