0 2
0 20
1 21
1 47
2 19
2 68
3 5
3 28
5 7
5 52
7 32
7 42
10 11
10 55
15 59
15 72
16 10
17 18
17 46
18 9
19 23
19 33
20 1
21 51
21 69
22 24
23 20
23 26
24 49
25 15
25 26
26 67
27 16
27 29
28 45
29 28
29 43
30 22
31 32
31 60
32 18
33 57
33 58
34 40
35 25
35 36
36 66
37 34
37 44
38 30
39 6
39 40
40 74
41 61
41 62
42 16
43 31
43 44
44 48
45 50
45 63
46 36
47 30
47 73
48 38
49 3
49 53
50 17
51 22
51 52
52 56
53 54
53 70
54 46
55 12
55 56
56 8
57 64
57 65
58 14
59 27
59 60
60 38
61 13
61 62
62 42
63 54
63 64
64 58
65 37
65 66
66 39
67 24
67 68
68 34
69 35
69 70
70 50
71 41
71 72
72 4
73 48
73 74
74 71
