0 47
0 51
1 39
1 40
2 15
2 23
4 5
4 52
7 50
7 65
8 41
8 68
10 24
10 58
15 43
15 63
16 8
17 18
17 29
18 7
19 4
19 25
20 17
21 34
21 45
22 10
23 30
23 67
24 11
25 26
25 31
26 12
27 28
27 46
28 13
29 16
29 42
30 24
31 32
31 38
32 36
33 20
33 34
34 22
35 36
35 44
36 66
37 18
37 73
38 20
39 21
39 40
40 70
41 9
41 42
42 30
43 44
43 60
44 14
45 33
45 46
46 19
47 2
47 71
48 16
49 48
49 57
50 55
51 1
51 52
52 6
53 32
53 54
54 59
55 54
55 56
56 64
57 50
57 58
58 26
59 60
59 62
60 3
61 22
61 62
62 72
63 48
63 64
64 35
65 56
65 66
66 61
67 69
67 74
68 53
69 68
69 70
70 37
71 49
71 72
72 28
73 38
73 74
74 27
