0 27
0 31
1 14
1 19
2 3
2 71
3 24
3 70
5 7
5 17
6 46
6 52
7 9
7 41
15 47
15 49
16 5
17 36
17 50
18 74
19 13
19 42
20 8
21 22
21 25
22 10
23 15
23 24
24 21
25 39
25 43
26 67
27 38
27 63
28 66
29 32
29 68
30 11
31 23
31 32
32 40
33 30
33 34
34 56
35 36
35 53
36 64
37 6
37 48
38 28
39 40
39 55
40 35
41 45
41 54
42 72
43 26
43 73
44 16
45 42
45 46
46 12
47 18
47 48
48 38
49 50
49 59
50 20
51 30
51 52
52 33
53 4
53 54
54 22
55 37
55 56
56 58
57 44
57 62
58 16
59 60
59 65
60 1
61 57
61 62
62 58
63 2
63 69
64 18
65 61
65 66
66 34
67 29
67 68
68 51
69 64
69 70
70 28
71 26
71 72
72 20
73 44
73 74
74 60
