0 32
0 55
1 8
1 36
2 15
2 29
3 37
3 74
4 48
4 59
6 27
6 31
12 13
12 14
15 22
15 73
16 34
17 25
17 66
18 11
19 53
19 65
20 52
21 26
21 47
22 3
23 67
23 69
24 17
25 18
25 26
26 20
27 28
27 39
28 16
29 40
29 62
30 16
31 32
31 60
32 30
33 28
33 34
34 1
35 12
35 36
36 23
37 6
37 38
38 58
39 9
39 40
40 63
41 7
41 46
42 70
43 44
43 51
44 50
45 46
45 68
46 64
47 48
47 72
48 35
49 33
49 50
50 24
51 42
51 52
52 18
53 54
53 71
54 56
55 19
55 56
56 4
57 58
57 61
58 24
59 20
59 60
60 44
61 49
61 62
62 30
63 54
63 64
64 42
65 21
65 66
66 10
67 45
67 68
68 38
69 41
69 70
70 5
71 2
71 72
72 22
73 57
73 74
74 43
