0 45
0 63
1 16
1 26
2 8
2 38
3 17
3 43
4 6
4 52
7 24
7 31
8 9
8 34
15 21
15 59
16 32
17 18
17 72
18 5
19 30
19 44
20 39
21 50
21 61
22 2
23 27
23 33
24 11
25 22
25 55
26 23
27 24
27 35
28 13
29 1
29 30
30 36
31 32
31 51
32 70
33 34
33 62
34 37
35 36
35 58
36 66
37 64
37 65
38 60
39 40
39 56
40 28
41 42
41 67
42 20
43 14
43 68
44 16
45 29
45 46
46 49
47 10
47 54
48 3
49 22
49 50
50 73
51 12
51 74
52 18
53 42
53 54
54 48
55 26
55 56
56 4
57 44
57 58
58 40
59 25
59 60
60 7
61 46
61 69
62 48
63 15
63 64
64 38
65 41
65 66
66 53
67 47
67 68
68 57
69 62
69 70
70 20
71 52
71 72
72 28
73 19
73 74
74 71
