0 43
0 45
1 3
1 35
3 47
3 69
4 21
4 62
5 23
5 37
6 30
6 65
9 13
9 14
15 25
15 57
16 33
17 18
17 70
18 11
19 56
19 61
20 34
21 55
21 64
22 28
23 24
23 59
24 27
25 20
25 42
26 20
27 19
27 40
28 17
29 26
29 44
30 9
31 32
31 63
32 12
33 24
33 36
34 4
35 15
35 58
36 34
37 16
37 52
38 2
39 1
39 40
40 51
41 36
41 60
42 26
43 39
43 67
44 30
45 38
45 54
46 22
47 5
47 48
48 16
49 28
49 50
50 41
51 49
51 52
52 38
53 29
53 54
54 46
55 46
55 66
56 18
57 48
57 73
58 50
59 71
59 72
60 42
61 53
61 62
62 22
63 10
63 64
64 8
65 31
65 74
66 56
67 44
67 68
68 60
69 6
69 70
70 7
71 68
71 72
72 32
73 58
73 74
74 66
