Minimum level: 2
Runtime (sec): 61.79030537500512
Support network with minimum level
36 18
18 65
29 74
74 30
73 64
64 36
17 64
37 38
38 33
45 46
46 57
41 42
42 28
15 22
22 16
66 54
54 11
44 27
27 35
62 56
56 45
55 32
32 72
71 72
72 7
28 63
49 28
30 50
50 58
31 25
25 59
69 70
69 37
70 55
65 26
43 1
1 21
1 77
57 44
58 60
23 39
39 40
39 5
5 24
5 8
24 53
59 61
26 34
53 66
53 17
48 52
52 15
51 62
61 75
75 69
7 10
7 19
19 20
21 51
21 41
77 31
11 78
11 13
78 14
0 43
20 2
40 76
60 48
76 9
35 67
67 68
67 49
33 71
34 16
47 12
68 3
9 47
63 4
63 73
4 23
4 29
16 6
