Minimum level: 3
Runtime (sec): 0.40732958301668987
Support network with minimum level
58 42
42 10
37 38
38 23
45 78
78 46
77 6
64 40
40 20
19 4
4 7
39 57
39 11
57 58
0 1
0 2
1 53
2 73
2 60
7 65
65 47
35 24
24 9
72 70
70 36
46 44
49 71
71 72
23 69
23 66
69 56
66 35
47 17
36 26
50 36
73 74
73 3
60 63
59 54
54 19
63 64
41 34
34 14
33 43
43 49
43 13
48 30
30 62
61 30
62 31
68 50
56 21
67 68
25 27
27 33
21 5
55 61
55 67
44 29
29 55
53 59
53 75
75 45
75 76
12 41
12 18
18 15
17 48
31 37
31 32
22 16
16 26
76 39
3 51
51 52
32 28
28 22
15 25
52 77
26 8
20 12
74 52
