Minimum level: 8
Runtime (sec): 39.152794792025816
Support network with minimum level
19 43
19 38
43 97
38 20
37 87
87 53
66 18
18 36
65 18
21 66
50 22
22 86
56 24
24 94
1 8
47 99
47 90
99 71
90 48
89 41
41 98
10 65
10 68
68 48
67 16
16 33
57 84
84 58
83 9
86 77
85 6
6 49
6 31
0 37
0 17
17 89
17 1
7 12
7 76
76 11
75 70
70 63
31 59
59 60
77 55
77 92
55 47
92 78
91 80
80 7
79 50
63 64
64 79
49 52
52 100
51 27
27 40
54 34
34 32
33 34
61 62
62 85
20 30
30 3
25 93
25 13
93 26
36 25
58 36
82 42
42 56
98 28
97 95
95 67
100 83
94 91
26 44
73 74
74 19
69 75
35 4
4 15
4 69
60 58
78 54
72 40
40 81
28 45
44 46
46 82
96 46
53 29
29 61
29 88
23 73
23 2
2 39
81 82
32 5
45 21
45 96
39 35
39 72
71 10
88 23
15 57
15 51
48 14
