Minimum level: 2
Runtime (sec): 1.5747819159878418
Support network with minimum level
2 33
33 34
48 16
16 36
26 86
86 35
111 112
112 70
47 48
89 90
90 18
91 92
92 52
51 50
50 2
107 108
108 75
54 108
38 82
82 40
81 72
72 20
71 38
29 30
30 84
63 64
64 100
97 99
99 98
43 83
83 10
17 44
17 57
44 67
57 62
37 97
37 51
52 104
34 32
31 94
94 14
93 31
1 79
1 4
79 3
4 59
4 43
100 45
98 55
5 65
65 66
27 109
27 78
109 87
109 110
78 41
77 80
80 107
3 19
3 5
102 7
62 101
101 91
41 85
41 24
85 111
24 81
23 1
96 49
49 77
49 21
84 22
45 71
68 11
75 39
75 76
39 29
76 58
61 27
35 103
15 12
15 89
87 88
110 46
46 28
66 13
73 74
74 102
36 74
53 69
69 96
67 54
106 68
95 37
70 25
0 23
0 95
40 73
18 20
59 60
60 26
6 106
105 17
56 42
42 63
19 61
55 56
88 53
28 58
20 9
32 47
25 26
22 6
104 8
103 15
58 93
21 105
