0 2
0 55
1 33
1 52
2 32
2 51
3 30
3 38
4 40
4 59
6 7
6 8
9 21
9 66
15 43
15 58
16 53
17 18
17 70
18 13
19 23
19 65
20 47
21 20
21 22
22 46
23 31
23 45
24 1
25 57
25 63
26 14
27 60
27 67
28 18
29 20
29 30
30 69
31 25
31 32
32 4
33 34
33 48
34 12
35 36
35 42
36 28
37 26
37 38
38 17
39 56
39 62
40 10
41 28
41 42
42 39
43 16
43 50
44 34
45 24
45 46
46 3
47 27
47 48
48 26
49 16
49 50
50 44
51 49
51 52
52 64
53 22
53 54
54 9
55 19
55 56
56 54
57 29
57 58
58 41
59 35
59 60
60 11
61 44
61 62
62 40
63 37
63 64
64 15
65 24
65 66
66 68
67 36
67 68
68 61
69 6
69 70
70 5
