0 22
0 35
1 8
1 30
2 3
2 49
3 23
3 63
4 6
4 58
5 29
5 52
7 15
7 16
15 38
15 40
16 26
17 11
17 18
18 12
19 28
19 64
20 54
21 22
21 70
22 46
23 61
23 68
24 17
25 13
25 47
26 24
27 24
27 28
28 42
29 31
29 67
30 7
31 32
31 39
32 27
33 20
33 34
34 66
35 2
35 36
36 41
37 14
37 38
38 18
39 51
39 55
40 48
41 42
41 69
42 65
43 21
43 62
44 60
45 5
45 56
46 1
47 34
47 48
48 16
49 50
49 57
50 37
51 30
51 52
52 36
53 54
53 59
54 50
55 40
55 56
56 46
57 4
57 58
58 45
59 44
59 60
60 33
61 32
61 62
62 44
63 9
63 64
64 20
65 10
65 66
66 26
67 53
67 68
68 19
69 43
69 70
70 25
