0 15
0 38
1 40
1 43
4 37
4 59
5 39
5 70
6 9
6 10
8 11
8 34
10 26
10 56
15 19
15 47
16 5
17 18
17 35
18 12
19 51
19 65
20 24
21 42
21 66
22 14
23 25
23 27
24 30
25 31
25 32
26 22
27 28
27 29
28 2
29 24
29 30
30 17
31 36
31 67
32 41
33 21
33 44
34 54
35 28
35 36
36 32
37 6
37 38
38 64
39 7
39 68
40 3
41 42
41 46
42 58
43 33
43 44
44 53
45 22
45 46
46 26
47 49
47 50
48 20
49 1
49 62
50 48
51 16
51 52
52 18
53 60
53 63
54 52
55 16
55 56
56 57
57 13
57 58
58 45
59 55
59 60
60 54
61 23
61 62
62 50
63 34
63 64
64 69
65 48
65 66
66 4
67 20
67 68
68 40
69 61
69 70
70 8
