0 1
0 2
1 17
1 63
2 38
2 64
4 28
4 69
6 9
6 44
9 22
9 59
10 26
10 41
15 4
15 35
16 43
17 15
17 19
18 33
19 25
19 49
20 21
21 22
21 36
22 62
23 20
23 54
24 50
25 18
25 26
26 13
27 28
27 31
28 65
29 8
29 37
30 7
31 29
31 32
32 34
33 39
33 55
34 24
35 16
35 36
36 3
37 30
37 38
38 18
39 40
39 53
40 14
41 40
41 42
42 11
43 44
43 61
44 10
45 42
45 70
46 5
47 32
47 48
48 16
49 50
49 67
50 6
51 47
51 66
52 45
53 51
53 54
54 57
55 34
55 56
56 20
57 24
57 58
58 46
59 12
59 60
60 46
61 30
61 62
62 52
63 56
63 64
64 68
65 48
65 66
66 52
67 23
67 68
68 58
69 27
69 70
70 60
