0 2
0 15
1 3
1 27
4 6
4 47
5 7
5 19
7 18
7 57
8 11
8 31
10 28
10 38
15 17
15 58
16 29
17 1
17 51
18 37
19 54
19 63
20 16
21 40
21 53
22 8
23 21
23 48
24 9
25 24
25 26
26 36
27 4
27 68
28 61
29 10
29 30
30 24
31 32
31 44
32 35
33 20
33 69
34 60
35 36
35 56
36 50
37 32
37 38
38 34
39 40
39 52
40 67
41 30
41 42
42 22
43 28
43 65
44 62
45 39
45 46
46 14
47 5
47 48
48 25
49 23
49 50
50 13
51 18
51 70
52 41
53 22
53 54
54 55
55 42
55 56
56 20
57 45
57 58
58 59
59 49
59 60
60 26
61 62
61 66
62 12
63 33
63 64
64 43
65 44
65 66
66 46
67 16
67 68
68 64
69 34
69 70
70 52
