0 49
0 59
1 15
1 53
2 30
2 58
5 19
5 33
7 21
7 62
8 9
8 10
9 31
9 52
15 22
15 29
16 11
17 2
17 18
18 16
19 8
19 20
20 67
21 22
21 46
22 25
23 35
23 50
24 27
25 26
25 41
26 48
27 28
27 43
28 14
29 61
29 66
30 36
31 28
31 32
32 16
33 7
33 69
34 18
35 24
35 36
36 5
37 26
37 39
38 51
39 38
39 60
40 4
41 42
41 68
42 13
43 12
43 44
44 34
45 42
45 47
46 34
47 46
47 48
48 20
49 50
49 54
50 70
51 24
51 64
52 45
53 54
53 56
54 17
55 3
55 56
56 23
57 32
57 58
58 6
59 1
59 65
60 40
61 55
61 62
62 63
63 38
63 64
64 52
65 60
65 66
66 30
67 40
67 68
68 57
69 44
69 70
70 37
