0 16
0 41
1 49
1 57
2 23
2 35
5 25
5 63
7 10
7 20
9 30
9 38
10 15
10 56
15 59
15 67
16 48
17 32
17 45
18 12
19 64
19 66
20 54
21 22
21 39
22 28
23 52
23 62
24 9
25 22
25 26
26 21
27 28
27 36
28 8
29 33
29 40
30 58
31 32
31 46
32 18
33 30
33 34
34 19
35 36
35 68
36 60
37 17
37 70
38 11
39 40
39 44
40 69
41 1
41 47
42 26
43 50
43 53
44 20
45 6
45 46
46 3
47 42
47 48
48 29
49 34
49 50
50 42
51 27
51 52
52 24
53 44
53 54
54 24
55 51
55 56
56 65
57 58
57 61
58 18
59 16
59 60
60 31
61 5
61 62
62 55
63 7
63 64
64 43
65 13
65 66
66 37
67 14
67 68
68 4
69 2
69 70
70 38
