0 1
0 2
1 4
1 42
2 33
2 57
5 16
5 53
6 9
6 67
9 15
9 30
11 13
11 14
15 18
15 29
16 40
17 54
17 56
18 63
19 27
19 28
20 23
21 26
21 70
22 12
23 46
23 55
24 11
25 5
25 32
26 17
27 39
27 47
28 49
29 37
29 68
30 50
31 24
31 32
32 26
33 34
33 45
34 19
35 22
35 38
36 16
37 38
37 59
38 36
39 6
39 40
40 8
41 44
41 48
42 64
43 44
43 65
44 36
45 25
45 46
46 24
47 43
47 48
48 61
49 20
49 62
50 31
51 22
51 52
52 50
53 54
53 60
54 7
55 21
55 56
56 18
57 34
57 58
58 52
59 30
59 60
60 20
61 42
61 62
62 58
63 35
63 66
64 3
65 66
65 69
66 64
67 10
67 68
68 41
69 28
69 70
70 51
