0 1
0 43
2 4
2 61
3 5
3 26
4 15
4 67
6 9
6 23
8 22
8 49
11 37
11 52
15 40
15 41
16 53
17 28
17 60
18 34
19 16
19 20
20 17
21 8
21 35
22 47
23 24
23 31
24 32
25 57
25 66
26 16
27 6
27 28
28 45
29 22
29 30
30 27
31 44
31 69
32 12
33 34
33 63
34 30
35 36
35 56
36 3
37 38
37 50
38 62
39 25
39 40
40 19
41 59
41 70
42 14
43 2
43 44
44 46
45 13
45 46
46 54
47 24
47 65
48 11
49 48
49 50
50 20
51 48
51 52
52 42
53 18
53 58
54 10
55 21
55 56
56 29
57 33
57 58
58 64
59 7
59 68
60 18
61 39
61 62
62 32
63 26
63 64
64 54
65 51
65 66
66 36
67 55
67 68
68 60
69 38
69 70
70 42
