0 15
0 31
1 45
1 51
2 7
2 19
3 17
3 18
4 37
4 63
5 12
5 26
10 14
10 38
15 21
15 48
16 54
17 32
17 39
18 42
19 8
19 22
20 40
21 1
21 30
22 57
23 60
23 64
24 6
25 26
25 58
26 62
27 9
27 28
28 5
29 30
29 44
30 22
31 34
31 53
32 27
33 43
33 67
34 32
35 16
35 36
36 65
37 33
37 69
38 13
39 18
39 40
40 23
41 42
41 52
42 36
43 41
43 44
44 46
45 4
45 61
46 25
47 55
47 59
48 16
49 2
49 50
50 20
51 52
51 56
52 24
53 49
53 54
54 11
55 29
55 56
56 3
57 20
57 70
58 28
59 48
59 60
60 66
61 46
61 62
62 68
63 47
63 64
64 24
65 50
65 66
66 10
67 34
67 68
68 35
69 38
69 70
70 58
