0 1
0 2
1 21
1 37
2 5
2 65
3 7
3 62
4 29
4 70
5 22
5 27
7 10
7 33
15 17
15 23
16 13
17 24
17 58
18 36
19 25
19 34
20 50
21 38
21 41
22 32
23 39
23 69
24 14
25 26
25 31
26 18
27 19
27 46
28 68
29 52
29 59
30 20
31 16
31 32
32 15
33 48
33 66
34 30
35 36
35 45
36 4
37 35
37 47
38 18
39 24
39 40
40 38
41 44
41 54
42 28
43 40
43 53
44 22
45 46
45 64
46 51
47 43
47 67
48 34
49 50
49 55
50 16
51 52
51 56
52 42
53 44
53 54
54 49
55 42
55 56
56 28
57 48
57 58
58 26
59 30
59 63
60 6
61 3
61 62
62 8
63 60
63 64
64 61
65 60
65 66
66 9
67 57
67 68
68 11
69 20
69 70
70 12
