0 35
0 67
1 33
1 38
2 18
2 21
5 7
5 66
6 19
6 49
7 10
7 69
11 54
11 59
15 16
15 31
16 14
17 12
17 40
18 34
19 26
19 39
20 4
21 25
21 28
22 11
23 1
23 24
24 32
25 30
25 47
26 22
27 8
27 28
28 3
29 48
29 56
30 26
31 23
31 32
32 13
33 62
33 63
34 20
35 2
35 36
36 17
37 22
37 38
38 6
39 46
39 51
40 18
41 30
41 70
42 34
43 27
43 44
44 64
45 46
45 58
46 40
47 48
47 68
48 41
49 29
49 50
50 52
51 20
51 52
52 5
53 15
53 54
54 16
55 37
55 65
56 36
57 24
57 58
58 42
59 57
59 60
60 9
61 56
61 62
62 42
63 50
63 64
64 45
65 61
65 66
66 43
67 53
67 68
68 55
69 60
69 70
70 44
