0 2
0 25
1 3
1 18
2 39
2 60
4 8
4 28
5 17
5 40
10 32
10 38
12 43
12 64
15 16
15 31
16 44
17 34
17 49
18 24
19 20
19 23
20 16
21 26
21 41
22 9
23 5
23 24
24 29
25 1
25 58
26 18
27 15
27 28
28 7
29 51
29 61
30 6
31 12
31 32
32 48
33 34
33 63
34 22
35 21
35 36
36 37
37 30
37 38
38 55
39 19
39 40
40 10
41 42
41 59
42 68
43 42
43 56
44 13
45 4
45 46
46 52
47 54
47 67
48 11
49 35
49 50
50 44
51 30
51 65
52 27
53 54
53 69
54 50
55 46
55 57
56 47
57 56
57 58
58 26
59 33
59 60
60 36
61 45
61 70
62 48
63 64
63 66
64 14
65 52
65 66
66 22
67 53
67 68
68 20
69 62
69 70
70 62
