0 2
0 67
1 19
1 32
2 15
2 26
4 47
4 64
5 23
5 66
7 12
7 28
12 14
12 52
15 4
15 61
16 41
17 18
17 20
18 22
19 38
19 59
20 39
21 22
21 55
22 51
23 25
23 43
24 7
25 27
25 57
26 58
27 26
27 31
28 30
29 8
29 60
30 70
31 40
31 69
32 34
33 18
33 44
34 6
35 53
35 68
36 20
37 38
37 42
38 36
39 40
39 65
40 48
41 42
41 62
42 9
43 29
43 44
44 34
45 37
45 46
46 16
47 35
47 48
48 32
49 24
49 50
50 11
51 50
51 52
52 13
53 36
53 54
54 1
55 5
55 56
56 28
57 49
57 58
58 3
59 17
59 60
60 30
61 46
61 62
62 54
63 21
63 64
64 10
65 63
65 66
66 24
67 16
67 68
68 45
69 56
69 70
70 33
