0 51
0 66
1 3
1 20
2 12
2 24
3 17
3 19
4 44
4 49
5 26
5 37
7 52
7 60
15 16
15 50
16 68
17 18
17 45
18 62
19 55
19 58
20 4
21 16
21 46
22 35
23 7
23 63
24 11
25 9
25 70
26 14
27 23
27 59
28 24
29 10
29 43
30 56
31 25
31 32
32 2
33 34
33 39
34 36
35 20
35 65
36 15
37 34
37 38
38 31
39 30
39 40
40 69
41 40
41 42
42 28
43 44
43 48
44 5
45 33
45 57
46 22
47 18
47 61
48 30
49 47
49 50
50 13
51 1
51 52
52 21
53 28
53 54
54 36
55 22
55 56
56 8
57 46
57 58
58 27
59 42
59 60
60 64
61 48
61 62
62 6
63 53
63 64
64 67
65 41
65 66
66 32
67 29
67 68
68 38
69 54
69 70
70 26
