0 2
0 15
1 19
1 28
2 20
2 51
4 35
4 69
5 13
5 14
6 18
6 65
8 34
8 66
15 1
15 27
16 25
17 21
17 45
18 43
19 23
19 24
20 4
21 22
21 46
22 31
23 22
23 24
24 61
25 8
25 26
26 29
27 16
27 47
28 53
29 12
29 30
30 40
31 37
31 59
32 18
33 34
33 42
34 39
35 38
35 55
36 28
37 38
37 62
38 49
39 10
39 41
40 50
41 40
41 60
42 68
43 16
43 44
44 54
45 57
45 63
46 11
47 36
47 48
48 33
49 6
49 56
50 3
51 30
51 52
52 20
53 17
53 70
54 42
55 36
55 56
56 50
57 32
57 64
58 26
59 58
59 60
60 44
61 52
61 62
62 32
63 64
63 67
64 58
65 7
65 66
66 9
67 46
67 68
68 5
69 48
69 70
70 54
