Minimum level: 9
Runtime (sec): 129.96933558396995
Support network with minimum level
29 55
55 85
37 38
37 10
38 51
85 84
16 56
56 37
7 89
89 76
83 24
24 29
84 46
76 86
86 18
80 30
30 40
12 13
49 11
49 61
61 62
62 80
79 20
20 67
33 90
90 34
75 53
53 59
48 28
28 33
31 42
42 52
81 82
82 39
57 66
66 58
65 48
72 48
2 19
19 21
19 57
71 72
71 81
74 70
70 58
69 23
23 79
58 32
18 49
68 54
54 60
59 78
78 60
77 40
40 14
34 50
50 12
60 62
67 43
43 44
43 3
51 68
87 88
87 17
88 52
17 15
47 69
47 65
32 22
22 18
25 26
26 83
21 25
21 27
27 31
27 4
46 34
45 47
3 5
3 6
6 87
6 8
63 1
1 35
1 9
39 64
39 45
64 77
15 75
15 7
44 32
41 71
41 2
36 74
73 16
35 73
52 36
0 41
0 63
