Minimum level: 5
Runtime (sec): 1.8922732920036651
Support network with minimum level
9 13
67 68
68 14
53 58
53 54
58 70
54 16
47 48
48 30
29 69
69 18
36 28
28 2
27 32
32 20
31 27
0 71
0 17
71 73
17 75
17 21
26 47
74 20
20 23
41 79
79 83
65 66
65 43
66 38
43 5
50 40
40 53
39 26
5 37
37 76
37 80
19 31
19 11
34 10
75 55
55 36
76 45
80 81
83 84
18 24
24 7
62 24
64 84
84 62
15 42
42 18
30 51
51 41
51 52
52 62
77 78
78 50
49 33
33 74
73 1
45 72
45 44
72 46
44 9
63 77
61 64
8 12
8 19
56 60
60 34
59 60
81 82
82 34
38 16
16 22
22 59
21 29
25 39
25 6
2 3
2 4
4 57
4 25
23 63
23 15
57 61
57 67
70 65
46 56
35 49
1 8
1 35
