Minimum level: 1
Runtime (sec): 103.78651970799547
Support network with minimum level
37 59
59 75
23 38
38 31
39 24
24 21
6 40
40 11
55 56
56 12
63 64
63 35
64 58
35 37
7 10
67 48
48 9
51 68
68 42
62 52
52 57
41 27
41 51
27 17
0 39
0 2
2 23
1 4
1 41
4 49
21 1
21 47
47 33
47 69
22 63
42 76
75 76
31 15
31 36
15 5
15 18
36 32
58 13
57 46
46 7
54 46
26 16
16 8
61 62
73 74
74 50
49 73
70 60
60 67
69 70
76 65
29 30
30 43
65 66
65 53
66 61
53 20
53 54
3 25
25 55
44 28
28 14
19 3
50 22
71 72
72 26
20 29
45 34
34 6
43 44
17 19
33 45
18 32
32 71
