0 41
0 79
1 3
1 21
2 7
2 55
4 19
4 20
6 10
6 67
7 31
7 72
12 27
12 61
15 58
15 75
16 8
17 64
17 66
18 16
19 6
19 20
20 63
21 22
21 77
22 17
23 9
23 28
24 43
25 13
25 29
26 65
27 25
27 32
28 24
29 35
29 36
30 48
31 15
31 49
32 46
33 34
33 68
34 38
35 59
35 69
36 54
37 30
37 38
38 28
39 23
39 52
40 22
41 2
41 42
42 78
43 11
43 44
44 60
45 32
45 62
46 34
47 4
47 80
48 56
49 45
49 50
50 48
51 16
51 57
52 40
53 36
53 82
54 37
55 51
55 56
56 33
57 52
57 81
58 44
59 26
59 60
60 18
61 14
61 76
62 46
63 5
63 64
64 70
65 1
65 66
66 30
67 42
67 68
68 18
69 53
69 70
70 24
71 12
71 72
72 74
73 58
73 74
74 40
75 71
75 76
76 62
77 47
77 78
78 39
79 26
79 80
80 50
81 73
81 82
82 54
