0 37
0 41
1 29
1 48
2 19
2 47
3 55
3 65
4 11
4 75
5 17
5 64
7 9
7 24
15 8
15 63
16 71
17 27
17 78
18 32
19 20
19 60
20 1
21 54
21 57
22 12
23 24
23 35
24 26
25 36
25 45
26 16
27 15
27 28
28 10
29 49
29 61
30 38
31 5
31 32
32 81
33 20
33 53
34 18
35 56
35 68
36 26
37 51
37 72
38 14
39 23
39 74
40 46
41 2
41 42
42 67
43 18
43 44
44 21
45 7
45 73
46 36
47 13
47 48
48 3
49 4
49 50
50 30
51 33
51 52
52 30
53 54
53 58
54 82
55 6
55 56
56 79
57 62
57 80
58 76
59 25
59 60
60 50
61 62
61 69
62 34
63 16
63 64
64 59
65 31
65 66
66 58
67 52
67 70
68 22
69 42
69 70
70 68
71 43
71 72
72 38
73 46
73 74
74 77
75 39
75 76
76 34
77 40
77 78
78 44
79 40
79 80
80 66
81 28
81 82
82 22
