0 29
0 61
1 28
1 48
2 4
2 51
3 10
3 37
6 57
6 73
7 11
7 12
12 15
12 24
15 42
15 49
16 44
17 9
17 58
18 13
19 20
19 53
20 26
21 22
21 79
22 68
23 24
23 39
24 41
25 34
25 36
26 64
27 33
27 45
28 6
29 30
29 63
30 27
31 32
31 38
32 1
33 32
33 46
34 26
35 2
35 62
36 18
37 60
37 77
38 30
39 7
39 75
40 67
41 40
41 70
42 25
43 3
43 44
44 76
45 65
45 66
46 34
47 50
47 82
48 52
49 21
49 50
50 56
51 43
51 52
52 5
53 16
53 78
54 14
55 23
55 56
56 48
57 55
57 58
58 18
59 47
59 60
60 17
61 31
61 62
62 71
63 35
63 64
64 54
65 28
65 66
66 72
67 68
67 81
68 69
69 70
69 74
70 42
71 36
71 72
72 46
73 22
73 74
74 8
75 76
75 80
76 59
77 38
77 78
78 54
79 16
79 80
80 40
81 19
81 82
82 20
