0 62
0 65
1 5
1 6
2 20
2 41
3 50
3 69
4 14
4 47
6 23
6 39
9 12
9 56
15 30
15 76
16 82
17 26
17 33
18 46
19 16
19 27
20 29
21 7
21 81
22 34
23 24
23 36
24 49
25 42
25 60
26 18
27 20
27 28
28 40
29 51
29 58
30 18
31 32
31 53
32 59
33 9
33 54
34 25
35 22
35 43
36 21
37 13
37 38
38 28
39 40
39 61
40 70
41 4
41 42
42 38
43 36
43 72
44 34
45 64
45 67
46 16
47 24
47 48
48 3
49 19
49 50
50 66
51 52
51 57
52 17
53 30
53 54
54 68
55 31
55 56
56 73
57 32
57 58
58 63
59 48
59 60
60 75
61 62
61 77
62 2
63 55
63 74
64 80
65 1
65 66
66 71
67 52
67 68
68 44
69 10
69 70
70 78
71 45
71 72
72 44
73 15
73 74
74 64
75 26
75 76
76 11
77 35
77 79
78 8
79 78
79 80
80 46
81 22
81 82
82 37
