0 25
0 63
1 37
1 53
3 6
3 70
4 29
4 41
6 51
6 81
7 42
7 65
9 19
9 47
15 18
15 23
16 46
17 3
17 33
18 44
19 11
19 58
20 12
21 16
21 22
22 14
23 67
23 76
24 32
25 35
25 54
26 55
27 38
27 48
28 61
29 13
29 50
30 71
31 30
31 32
32 20
33 56
33 77
34 24
35 57
35 72
36 15
37 4
37 38
38 28
39 8
39 40
40 31
41 42
41 49
42 73
43 20
43 44
44 68
45 60
45 66
46 74
47 48
47 75
48 80
49 28
49 50
50 40
51 30
51 52
52 36
53 17
53 54
54 78
55 10
55 82
56 59
57 45
57 58
58 24
59 34
59 60
60 46
61 16
61 62
62 34
63 1
63 64
64 27
65 26
65 69
66 36
67 62
67 68
68 5
69 66
69 70
70 52
71 7
71 72
72 2
73 9
73 74
74 22
75 43
75 76
76 64
77 78
77 79
78 26
79 18
79 80
80 21
81 39
81 82
82 56
