0 2
0 59
1 23
1 42
2 6
2 51
3 56
3 70
5 28
5 78
6 18
6 55
7 15
7 74
15 13
15 16
16 31
17 18
17 35
18 37
19 63
19 77
20 30
21 22
21 46
22 48
23 21
23 45
24 14
25 53
25 82
26 1
27 28
27 64
28 54
29 65
29 69
30 57
31 43
31 79
32 24
33 26
33 49
34 26
35 11
35 36
36 16
37 38
37 81
38 10
39 38
39 40
40 80
41 29
41 73
42 3
43 32
43 47
44 62
45 24
45 46
46 4
47 50
47 52
48 68
49 34
49 60
50 44
51 19
51 52
52 48
53 36
53 66
54 9
55 56
55 75
56 7
57 25
57 71
58 72
59 34
59 60
60 50
61 33
61 62
62 32
63 41
63 64
64 76
65 30
65 66
66 58
67 20
67 68
68 8
69 20
69 70
70 27
71 58
71 72
72 54
73 42
73 74
74 44
75 17
75 76
76 22
77 5
77 78
78 39
79 40
79 80
80 12
81 67
81 82
82 61
