0 2
0 75
1 55
1 74
2 3
2 67
3 6
3 38
6 57
6 65
7 32
7 42
11 14
11 25
15 50
15 59
16 5
17 16
17 68
18 64
19 15
19 30
20 22
21 45
21 53
22 9
23 24
23 33
24 76
25 62
25 80
26 12
27 7
27 28
28 22
29 30
29 78
30 36
31 21
31 32
32 54
33 20
33 34
34 17
35 4
35 36
36 31
37 24
37 79
38 51
39 38
39 40
40 69
41 34
41 44
42 72
43 66
43 77
44 48
45 61
45 71
46 23
47 43
47 63
48 42
49 10
49 50
50 40
51 52
51 58
52 18
53 46
53 54
54 49
55 19
55 56
56 73
57 37
57 58
58 82
59 41
59 60
60 18
61 28
61 62
62 56
63 48
63 70
64 11
65 8
65 66
66 35
67 47
67 68
68 52
69 60
69 70
70 64
71 46
71 72
72 20
73 26
73 74
74 26
75 1
75 76
76 27
77 78
77 81
78 16
79 39
79 80
80 13
81 44
81 82
82 29
