0 2
0 41
1 44
1 48
2 29
2 77
3 47
3 78
4 26
4 56
6 11
6 19
7 24
7 59
15 4
15 16
16 54
17 30
17 34
18 22
19 63
19 79
20 82
21 65
21 80
22 8
23 18
23 70
24 14
25 53
25 61
26 49
27 28
27 31
28 12
29 30
29 39
30 64
31 32
31 35
32 5
33 32
33 76
34 10
35 36
35 72
36 17
37 1
37 38
38 43
39 55
39 68
40 42
41 25
41 69
42 36
43 44
43 60
44 62
45 42
45 46
46 6
47 20
47 73
48 21
49 38
49 50
50 20
51 22
51 52
52 34
53 54
53 71
54 75
55 56
55 67
56 9
57 24
57 58
58 51
59 27
59 60
60 40
61 26
61 62
62 18
63 50
63 64
64 23
65 58
65 66
66 46
67 40
67 68
68 3
69 45
69 70
70 57
71 37
71 72
72 13
73 48
73 74
74 66
75 7
75 76
76 52
77 15
77 81
78 74
79 28
79 80
80 16
81 78
81 82
82 33
