0 21
0 41
2 17
2 24
3 18
3 46
5 42
5 80
6 15
6 49
7 19
7 30
10 12
10 60
15 25
15 43
16 11
17 18
17 59
18 39
19 9
19 72
20 34
21 22
21 27
22 75
23 20
23 77
24 79
25 37
25 55
26 31
27 28
27 61
28 4
29 5
29 30
30 33
31 32
31 64
32 68
33 10
33 62
34 6
35 2
35 52
36 8
37 38
37 44
38 36
39 29
39 76
40 16
41 57
41 65
42 82
43 16
43 44
44 14
45 22
45 67
46 20
47 48
47 63
48 70
49 48
49 56
50 40
51 50
51 52
52 47
53 26
53 54
54 32
55 53
55 69
56 50
57 42
57 71
58 66
59 60
59 81
60 26
61 35
61 62
62 34
63 38
63 64
64 78
65 58
65 66
66 54
67 46
67 68
68 1
69 56
69 70
70 13
71 58
71 72
72 45
73 7
73 74
74 40
75 23
75 76
76 51
77 24
77 78
78 74
79 28
79 80
80 36
81 3
81 82
82 73
