0 2
0 63
1 4
1 59
3 14
3 50
4 23
4 27
6 21
6 55
8 16
8 34
10 11
10 56
15 31
15 37
16 30
17 40
17 72
18 29
19 36
19 79
20 22
21 20
21 78
22 18
23 67
23 81
24 15
25 1
25 73
26 17
27 42
27 74
28 12
29 60
29 65
30 10
31 69
31 82
32 22
33 19
33 46
34 9
35 36
35 77
36 43
37 51
37 53
38 20
39 40
39 41
40 5
41 47
41 57
42 26
43 44
43 48
44 61
45 46
45 76
46 75
47 42
47 54
48 6
49 38
49 50
50 24
51 16
51 52
52 66
53 54
53 80
54 48
55 52
55 56
56 28
57 58
57 64
58 8
59 3
59 60
60 30
61 28
61 62
62 39
63 25
63 64
64 24
65 58
65 66
66 7
67 35
67 68
68 13
69 45
69 70
70 34
71 32
71 72
72 18
73 26
73 74
74 44
75 70
75 76
76 32
77 33
77 78
78 71
79 49
79 80
80 38
81 62
81 82
82 68
