0 18
0 61
1 4
1 47
2 33
2 63
6 31
6 53
7 24
7 29
8 13
8 42
10 49
10 57
15 22
15 69
16 8
17 18
17 62
18 75
19 1
19 20
20 16
21 22
21 52
22 20
23 25
23 38
24 27
25 26
25 71
26 6
27 76
27 82
28 46
29 41
29 68
30 14
31 32
31 44
32 30
33 34
33 48
34 7
35 24
35 58
36 21
37 65
37 74
38 2
39 37
39 45
40 59
41 10
41 67
42 64
43 19
43 44
44 81
45 40
45 46
46 3
47 17
47 56
48 5
49 11
49 50
50 12
51 26
51 52
52 9
53 34
53 55
54 72
55 54
55 79
56 48
57 58
57 70
58 36
59 30
59 60
60 56
61 39
61 62
62 28
63 64
63 77
64 32
65 15
65 66
66 78
67 42
67 68
68 40
69 70
69 73
70 54
71 35
71 72
72 50
73 43
73 74
74 38
75 23
75 80
76 28
77 51
77 78
78 36
79 60
79 80
80 76
81 16
81 82
82 66
