0 23
0 45
2 3
2 71
4 6
4 25
5 29
5 62
6 65
6 77
7 14
7 55
8 21
8 47
15 31
15 73
16 37
17 4
17 18
18 46
19 10
19 20
20 27
21 18
21 42
22 52
23 60
23 69
24 66
25 16
25 79
26 12
27 34
27 78
28 33
29 24
29 30
30 8
31 2
31 36
32 49
33 34
33 38
34 32
35 22
35 36
36 53
37 38
37 61
38 58
39 40
39 72
40 41
41 32
41 42
42 22
43 19
43 48
44 74
45 15
45 46
46 51
47 48
47 56
48 44
49 50
49 81
50 7
51 43
51 52
52 50
53 64
53 68
54 26
55 13
55 56
56 9
57 58
57 70
58 35
59 11
59 80
60 1
61 5
61 62
62 28
63 16
63 64
64 40
65 59
65 66
66 67
67 39
67 68
68 76
69 24
69 75
70 44
71 17
71 72
72 30
73 63
73 82
74 54
75 70
75 76
76 54
77 20
77 78
78 28
79 57
79 80
80 60
81 26
81 82
82 74
