0 15
0 25
1 3
1 31
3 10
3 49
4 6
4 17
6 33
6 58
8 18
8 69
10 12
10 57
15 20
15 48
16 40
17 67
17 78
18 14
19 52
19 71
20 34
21 22
21 64
22 9
23 16
23 24
24 18
25 1
25 26
26 39
27 28
27 37
28 29
29 22
29 30
30 50
31 26
31 61
32 4
33 8
33 45
34 77
35 32
35 75
36 20
37 38
37 68
38 36
39 40
39 74
40 62
41 21
41 42
42 73
43 44
43 55
44 2
45 46
45 51
46 38
47 48
47 54
48 80
49 28
49 50
50 5
51 52
51 79
52 24
53 16
53 54
54 46
55 53
55 56
56 7
57 41
57 58
58 60
59 60
59 72
60 23
61 35
61 62
62 27
63 43
63 70
64 11
65 13
65 66
66 82
67 19
67 68
68 56
69 65
69 70
70 81
71 47
71 72
72 36
73 59
73 74
74 32
75 42
75 76
76 34
77 44
77 78
78 66
79 76
79 80
80 63
81 64
81 82
82 30
