0 20
0 63
2 4
2 69
3 8
3 23
4 25
4 45
6 41
6 77
7 11
7 71
10 47
10 73
15 36
15 82
16 12
17 19
17 48
18 13
19 42
19 75
20 1
21 49
21 57
22 7
23 22
23 50
24 74
25 27
25 61
26 24
27 26
27 28
28 30
29 21
29 32
30 5
31 33
31 70
32 67
33 59
33 65
34 26
35 36
35 55
36 38
37 38
37 53
38 16
39 15
39 40
40 58
41 35
41 42
42 20
43 14
43 66
44 60
45 31
45 46
46 34
47 18
47 64
48 18
49 10
49 50
50 78
51 46
51 52
52 68
53 6
53 54
54 9
55 56
55 79
56 24
57 22
57 58
58 3
59 51
59 60
60 56
61 44
61 76
62 32
63 2
63 64
64 48
65 62
65 66
66 44
67 52
67 68
68 30
69 17
69 70
70 37
71 16
71 72
72 43
73 74
73 81
74 28
75 40
75 76
76 62
77 54
77 78
78 80
79 29
79 80
80 34
81 39
81 82
82 72
