0 2
0 53
1 3
1 4
3 5
3 41
4 10
4 29
5 31
5 46
6 40
6 52
10 15
10 56
15 62
15 65
16 74
17 18
17 19
18 7
19 28
19 59
20 24
21 22
21 44
22 25
23 6
23 64
24 76
25 20
25 70
26 20
27 28
27 63
28 35
29 30
29 42
30 17
31 13
31 32
32 33
33 11
33 34
34 72
35 43
35 60
36 21
37 23
37 78
38 26
39 16
39 69
40 54
41 37
41 75
42 36
43 44
43 80
44 9
45 46
45 49
46 16
47 48
47 79
48 18
49 42
49 50
50 51
51 40
51 52
52 71
53 54
53 73
54 66
55 50
55 57
56 58
57 56
57 58
58 30
59 32
59 60
60 82
61 34
61 62
62 12
63 14
63 68
64 24
65 47
65 66
66 77
67 8
67 68
68 64
69 55
69 70
70 26
71 38
71 72
72 22
73 1
73 74
74 27
75 45
75 76
76 48
77 67
77 81
78 38
79 39
79 80
80 36
81 78
81 82
82 61
