0 18
0 31
1 10
1 62
2 4
2 71
4 65
4 67
5 25
5 59
6 17
6 56
10 70
10 74
15 14
15 24
16 7
17 37
17 54
18 68
19 63
19 66
20 38
21 32
21 57
22 76
23 29
23 52
24 39
25 16
25 48
26 21
27 28
27 77
28 34
29 30
29 43
30 8
31 2
31 36
32 42
33 34
33 53
34 15
35 36
35 44
36 32
37 26
37 45
38 11
39 16
39 46
40 13
41 38
41 42
42 33
43 44
43 64
44 58
45 41
45 46
46 40
47 5
47 48
48 75
49 20
49 82
50 73
51 22
51 52
52 27
53 22
53 55
54 40
55 54
55 60
56 72
57 18
57 58
58 49
59 30
59 60
60 69
61 50
61 62
62 9
63 35
63 64
64 24
65 6
65 66
66 50
67 47
67 68
68 19
69 56
69 70
70 12
71 23
71 72
72 81
73 74
73 80
74 20
75 26
75 78
76 1
77 3
77 78
78 76
79 61
79 80
80 51
81 28
81 82
82 79
