0 2
0 29
1 41
1 56
2 25
2 43
4 7
4 48
5 58
5 67
8 24
8 80
9 17
9 69
15 20
15 46
16 26
17 30
17 38
18 71
19 20
19 32
20 65
21 15
21 23
22 6
23 22
23 81
24 42
25 60
25 63
26 3
27 28
27 50
28 16
29 47
29 64
30 27
31 1
31 40
32 74
33 18
33 34
34 22
35 32
35 54
36 70
37 77
37 78
38 36
39 30
39 40
40 35
41 28
41 42
42 37
43 5
43 44
44 24
45 46
45 72
46 11
47 49
47 79
48 19
49 50
49 59
50 75
51 52
51 68
52 44
53 9
53 54
54 51
55 48
55 56
56 76
57 34
57 58
58 53
59 55
59 60
60 26
61 36
61 62
62 52
63 64
63 73
64 39
65 16
65 66
66 12
67 10
67 68
68 61
69 14
69 70
70 13
71 4
71 72
72 8
73 57
73 74
74 45
75 33
75 76
76 18
77 38
77 82
78 66
79 31
79 80
80 21
81 62
81 82
82 78
