0 15
0 53
1 28
1 65
2 3
2 79
3 33
3 61
4 6
4 63
5 7
5 42
9 41
9 73
15 67
15 77
16 24
17 19
17 75
18 10
19 20
19 25
20 52
21 57
21 82
22 44
23 70
23 72
24 66
25 22
25 26
26 12
27 36
27 56
28 71
29 4
29 78
30 81
31 21
31 32
32 51
33 37
33 43
34 26
35 39
35 60
36 31
37 34
37 46
38 16
39 36
39 40
40 29
41 30
41 42
42 20
43 9
43 44
44 23
45 35
45 50
46 38
47 48
47 54
48 80
49 14
49 50
50 46
51 28
51 74
52 8
53 1
53 58
54 59
55 56
55 64
56 32
57 18
57 76
58 54
59 24
59 60
60 18
61 27
61 62
62 55
63 5
63 64
64 49
65 17
65 66
66 11
67 38
67 68
68 48
69 2
69 70
70 34
71 68
71 72
72 47
73 13
73 74
74 52
75 45
75 76
76 58
77 69
77 78
78 30
79 40
79 80
80 16
81 62
81 82
82 22
