0 15
0 34
1 33
1 81
3 5
3 6
5 32
5 54
6 13
6 35
7 23
7 53
10 12
10 17
15 38
15 41
16 11
17 26
17 48
18 55
19 22
19 78
20 40
21 9
21 52
22 37
23 10
23 66
24 75
25 20
25 46
26 18
27 28
27 47
28 61
29 30
29 42
30 2
31 32
31 43
32 67
33 34
33 59
34 68
35 69
35 77
36 71
37 16
37 62
38 44
39 18
39 58
40 8
41 1
41 42
42 31
43 27
43 49
44 16
45 36
45 46
46 72
47 3
47 51
48 19
49 50
49 56
50 45
51 48
51 70
52 22
53 39
53 65
54 20
55 56
55 76
56 73
57 29
57 64
58 40
59 63
59 79
60 30
61 21
61 74
62 38
63 4
63 64
64 58
65 54
65 66
66 24
67 7
67 82
68 50
69 36
69 70
70 52
71 24
71 72
72 26
73 44
73 80
74 62
75 60
75 76
76 28
77 14
77 78
78 25
79 60
79 80
80 74
81 57
81 82
82 68
