Minimum level: 2
Runtime (sec): 291.1432397919707
Support network with minimum level
38 35
35 58
21 43
21 47
43 44
47 25
37 51
37 59
51 67
59 86
85 71
71 72
71 39
86 60
2 38
2 73
73 74
73 41
42 21
0 19
0 17
19 1
17 52
25 65
25 26
65 84
26 29
5 24
24 11
23 3
20 10
10 78
68 75
75 76
1 77
61 62
62 85
55 20
41 56
56 48
67 68
67 6
6 61
48 28
30 8
72 36
36 55
58 34
57 2
77 37
78 13
39 40
40 45
46 34
34 31
79 9
22 80
80 7
18 82
82 79
81 22
84 66
83 30
27 30
28 44
70 18
33 15
15 16
15 53
54 46
16 42
76 60
49 50
50 5
44 23
45 14
52 33
69 70
63 64
63 12
64 32
53 57
74 54
66 27
32 66
29 63
29 83
31 4
4 81
4 49
60 69
