Minimum level: 2
Runtime (sec): 2.790703833976295
Support network with minimum level
0 63
0 2
63 64
2 37
37 3
37 71
25 24
25 26
24 19
26 20
64 31
27 43
43 44
17 9
9 13
66 18
18 11
56 10
10 52
23 25
23 42
42 51
41 62
62 28
61 49
49 4
49 50
75 59
59 60
67 76
76 68
51 30
30 58
52 66
60 68
45 46
46 55
44 65
20 75
68 38
39 57
39 40
57 34
40 53
47 48
48 45
29 47
22 35
35 6
71 77
71 72
77 78
72 70
69 73
73 39
32 16
16 21
53 54
54 41
4 54
74 32
70 66
50 14
3 5
3 22
5 23
5 69
21 56
55 1
38 12
78 74
31 78
28 17
65 67
36 7
33 27
34 15
58 8
19 33
19 61
15 29
15 36
