Minimum level: 4
Runtime (sec): 12.020237375050783
Support network with minimum level
31 33
33 67
37 30
30 38
38 15
56 50
50 28
65 66
66 52
62 66
0 57
0 17
57 48
17 23
17 51
25 11
25 34
11 16
11 14
34 32
67 68
41 21
21 49
5 42
42 54
59 60
60 7
54 68
51 39
39 24
61 62
61 29
29 31
20 56
55 44
44 46
43 37
47 8
48 1
63 58
58 22
16 64
64 13
53 59
35 36
36 28
27 12
27 53
15 35
15 20
19 2
2 3
2 4
49 65
49 19
22 26
23 40
23 69
26 27
24 41
28 45
6 63
6 25
40 61
69 55
69 70
32 26
68 47
4 6
4 5
52 46
70 52
46 18
18 10
1 43
45 9
