Minimum level: 3
Runtime (sec): 0.05955975002143532
Support network with minimum level
76 40
40 68
39 40
29 30
30 11
37 38
38 49
82 20
20 92
64 26
26 24
18 26
0 1
1 103
1 91
53 54
54 2
101 102
102 42
92 86
86 95
68 16
16 10
79 80
80 66
65 79
2 85
2 99
85 101
99 56
33 29
50 34
34 100
96 75
75 6
61 19
19 21
19 67
43 62
62 51
74 44
44 104
63 14
36 64
83 84
84 76
97 70
70 43
45 98
98 88
103 46
46 27
104 50
100 36
78 36
41 47
47 52
42 61
24 96
95 25
25 65
90 24
49 22
22 18
72 89
89 5
28 41
17 77
17 28
77 45
27 4
4 37
4 58
59 78
31 60
60 32
9 93
93 12
93 94
32 39
58 53
57 73
73 87
73 74
21 15
21 97
15 31
15 9
23 90
51 55
87 69
69 13
88 7
71 3
3 35
3 17
81 72
67 82
94 83
35 48
56 81
55 33
8 57
8 63
52 23
66 59
48 8
91 71
