Minimum level: 3
Runtime (sec): 0.2624882499803789
Support network with minimum level
5 37
37 38
27 20
20 30
109 110
110 76
33 26
26 54
38 34
108 50
50 59
107 29
29 71
79 108
74 80
80 104
66 94
94 111
93 44
44 78
43 56
56 15
55 57
57 4
104 86
86 72
85 19
19 39
19 55
30 72
72 45
32 30
3 81
3 64
81 77
64 5
63 98
98 68
97 32
71 43
71 74
90 24
24 2
23 53
53 1
112 109
83 84
84 75
25 40
40 88
39 51
51 105
31 17
31 36
17 3
36 97
35 101
101 13
101 102
1 67
1 85
67 31
78 48
100 78
103 106
106 16
105 70
70 27
69 46
46 87
45 25
61 35
68 62
62 69
59 18
18 93
92 60
60 11
34 92
15 89
89 103
82 28
28 90
87 28
88 58
91 73
73 83
73 23
54 8
102 9
75 99
99 100
16 7
58 66
4 61
4 65
77 6
42 82
65 14
76 52
52 96
6 10
111 33
48 112
21 95
21 49
95 41
49 79
10 22
10 12
22 107
0 21
0 63
41 47
41 91
47 42
96 42
