Minimum level: 1
Runtime (sec): 0.043938999995589256
Support network with minimum level
37 6
6 48
15 38
38 22
35 36
36 13
32 30
30 53
72 54
54 40
55 58
58 56
73 74
74 28
49 67
67 65
22 16
16 62
57 73
27 49
27 68
68 24
65 71
53 43
53 55
43 44
3 31
3 47
31 51
31 41
47 5
62 12
61 7
0 1
0 75
1 3
75 2
25 11
25 32
51 52
52 20
69 70
70 29
48 42
5 50
23 21
23 27
21 37
33 17
17 15
18 34
34 66
28 18
8 33
41 23
42 9
9 45
45 57
24 69
59 63
59 60
63 14
63 64
60 26
44 40
39 4
40 61
64 46
26 39
20 76
76 25
71 66
50 8
56 72
66 59
29 19
46 35
19 10
