Minimum level: 3
Runtime (sec): 373.88410700001987
Support network with minimum level
50 60
60 5
61 62
62 38
70 62
78 18
18 47
17 26
26 7
43 44
44 30
29 24
24 41
23 59
59 61
5 13
39 40
39 19
40 14
19 49
30 4
4 67
4 76
15 31
31 32
31 27
32 53
27 28
27 37
47 48
47 39
48 74
49 73
69 42
42 54
37 70
28 16
16 35
71 12
45 72
72 69
63 64
63 45
64 46
56 20
20 6
22 20
38 34
52 38
21 8
21 22
73 50
25 43
1 51
51 17
67 68
68 21
35 36
35 2
36 75
2 3
2 25
41 63
7 57
7 9
74 50
57 29
33 58
58 71
34 77
54 10
0 15
53 66
53 1
77 78
77 11
76 56
75 23
66 54
46 33
9 65
65 55
55 52
