Minimum level: 1
Runtime (sec): 13.974295291991439
Support network with minimum level
68 38
38 58
37 13
52 22
22 14
73 74
74 26
9 20
20 11
19 60
60 54
65 66
66 34
35 66
64 36
36 47
53 69
69 70
44 42
42 18
29 43
43 45
51 52
51 29
1 15
15 40
15 6
45 30
45 49
30 67
49 46
47 23
18 37
23 24
24 56
5 10
33 17
17 44
17 31
34 5
62 64
63 62
61 28
28 63
27 25
25 33
6 61
46 57
21 50
50 2
71 72
71 1
72 51
56 41
55 59
59 68
59 65
31 71
16 32
32 48
41 53
41 9
48 70
58 4
57 73
67 35
0 27
0 39
39 21
4 8
4 7
40 19
2 55
54 16
26 12
70 3
