Minimum level: 1
Runtime (sec): 0.6716181670199148
Support network with minimum level
19 23
23 39
23 11
37 38
37 35
38 32
35 75
18 77
77 19
75 76
85 36
36 51
83 86
83 33
86 84
33 71
20 24
24 14
25 26
26 48
6 10
48 9
60 82
82 48
81 28
28 78
27 20
32 20
16 58
58 54
57 60
59 85
79 61
61 66
44 80
80 34
71 84
66 44
74 66
21 62
62 1
68 22
22 56
51 30
5 12
5 18
17 3
3 29
0 67
0 40
67 41
67 73
40 83
39 25
84 21
50 72
72 27
29 55
29 59
55 5
43 69
69 79
34 37
76 50
49 45
45 7
45 53
7 16
41 15
15 43
15 2
78 42
42 6
63 46
46 81
70 64
64 54
65 31
31 17
31 47
73 74
54 68
1 8
30 52
52 49
2 65
2 4
56 13
53 63
53 70
47 57
