Minimum level: 5
Runtime (sec): 0.17613704199902713
Support network with minimum level
20 28
28 88
96 28
49 33
49 50
33 91
50 4
2 3
3 64
3 39
0 69
0 2
69 70
34 44
44 16
43 76
76 73
75 40
40 65
23 24
24 41
93 94
94 31
17 60
60 18
83 84
84 74
73 86
86 98
85 21
21 14
21 51
7 17
54 32
32 62
19 15
15 93
42 20
104 62
62 42
79 77
77 82
58 80
80 90
59 67
67 100
91 29
1 34
71 72
72 11
64 81
39 99
39 75
102 19
90 16
16 18
56 102
101 25
25 26
25 22
37 55
55 49
87 52
52 38
88 92
5 61
61 101
70 85
38 56
63 71
57 30
30 10
98 58
29 53
29 13
53 79
53 63
97 78
78 47
82 54
81 95
95 68
100 83
35 36
36 6
68 36
89 103
103 1
103 104
45 7
74 46
46 9
41 59
41 89
99 5
26 43
22 27
51 87
4 23
4 45
92 74
48 96
47 57
47 48
27 37
65 8
65 66
66 97
31 35
18 12
