Minimum level: 3
Runtime (sec): 0.12576983298640698
Support network with minimum level
70 53
53 9
60 58
58 39
57 30
30 12
37 38
38 71
9 37
76 80
80 66
79 56
56 85
55 57
63 15
15 33
15 73
91 64
64 17
69 92
92 70
87 88
88 18
35 26
26 2
78 36
36 75
18 5
5 47
5 8
90 86
86 22
12 32
32 14
31 60
59 20
20 69
49 50
50 27
25 44
44 35
43 62
62 24
61 72
72 89
71 48
48 54
47 40
40 61
39 93
93 77
93 94
85 70
89 90
24 7
8 79
8 28
28 52
27 84
84 78
83 51
51 76
0 19
0 65
19 1
19 74
65 23
66 52
52 46
34 41
41 68
17 31
33 91
33 83
73 81
46 42
42 10
68 55
82 68
77 18
45 67
67 4
54 11
23 87
23 43
81 45
81 82
4 21
94 6
21 29
21 49
74 59
1 63
1 25
22 16
16 13
29 34
75 3
