0 1
0 2
2 3
2 47
3 33
3 52
4 41
4 56
5 37
5 42
6 14
6 29
8 11
8 12
9 61
9 68
10 15
10 40
11 62
11 76
12 35
12 70
15 71
15 74
16 43
16 57
17 59
17 67
29 44
29 81
30 36
31 32
31 60
32 22
33 34
33 79
34 63
35 36
35 50
36 25
37 10
37 38
38 72
39 7
39 40
40 64
41 34
41 42
42 9
43 17
43 55
44 13
45 4
45 54
46 30
47 45
47 49
48 58
49 48
49 50
50 31
51 80
51 83
52 82
53 51
53 54
54 46
55 44
55 73
56 84
57 18
57 58
58 26
59 48
59 60
60 27
61 24
61 62
62 19
63 5
63 64
64 16
65 23
65 66
66 69
67 38
67 68
68 65
69 46
69 70
70 28
71 72
71 78
72 66
73 75
73 77
74 53
75 74
75 76
76 20
77 56
77 78
78 32
79 39
79 80
80 21
81 30
81 82
82 8
83 52
83 84
84 6
