0 1
0 41
1 68
1 75
2 3
2 58
3 6
3 52
4 9
4 10
5 67
5 71
6 15
6 37
7 12
7 70
10 32
10 81
12 21
12 83
13 17
13 56
16 65
16 84
18 28
18 49
21 35
21 50
29 53
29 63
30 22
31 29
31 32
32 19
33 34
33 45
34 39
35 24
35 44
36 46
37 33
37 55
38 77
39 30
39 74
40 38
41 42
41 47
42 48
43 14
43 44
44 36
45 16
45 51
46 23
47 2
47 69
48 36
49 27
49 50
50 64
51 46
51 52
52 5
53 43
53 60
54 4
55 38
55 56
56 73
57 58
57 82
58 54
59 60
59 62
60 54
61 42
61 79
62 25
63 30
63 64
64 57
65 59
65 66
66 20
67 72
67 76
68 8
69 48
69 70
70 11
71 40
71 72
72 13
73 74
73 78
74 40
75 7
75 76
76 80
77 31
77 78
78 18
79 62
79 80
80 68
81 66
81 82
82 61
83 34
83 84
84 26
