0 1
0 69
1 3
1 4
2 30
2 67
4 15
4 47
6 8
6 41
7 10
7 63
8 12
8 76
9 13
9 68
11 45
11 72
12 61
12 79
15 21
15 22
16 19
16 20
18 26
18 54
19 29
19 35
29 49
29 51
30 75
31 30
31 33
32 74
33 34
33 57
34 78
35 24
35 44
36 5
37 38
37 43
38 34
39 27
39 40
40 32
41 59
41 83
42 11
43 14
43 44
44 48
45 39
45 46
46 18
47 16
47 84
48 77
49 52
49 56
50 53
51 62
51 65
52 31
53 9
53 54
54 40
55 56
55 82
56 50
57 55
57 58
58 23
59 42
59 60
60 36
61 46
61 80
62 71
63 50
63 64
64 17
65 52
65 66
66 32
67 60
67 68
68 37
69 2
69 70
70 64
71 72
71 73
72 81
73 58
73 74
74 38
75 6
75 76
76 42
77 36
77 78
78 25
79 70
79 80
80 62
81 28
81 82
82 66
83 7
83 84
84 48
