0 1
0 2
1 38
1 65
2 29
2 71
3 31
3 36
4 5
4 69
5 23
5 84
6 42
6 73
7 30
7 33
9 41
9 79
10 21
10 34
11 15
11 80
16 39
16 75
18 19
18 20
24 25
24 56
29 37
29 53
30 54
31 35
31 47
32 12
33 34
33 48
34 22
35 36
35 57
36 10
37 40
37 46
38 3
39 17
39 51
40 27
41 44
41 62
42 70
43 7
43 45
44 77
45 44
45 55
46 38
47 32
47 83
48 50
49 59
49 72
50 32
51 52
51 61
52 8
53 66
53 82
54 11
55 46
55 56
56 26
57 9
57 58
58 40
59 64
59 74
60 52
61 62
61 63
62 14
63 58
63 67
64 60
65 4
65 66
66 81
67 64
67 76
68 50
69 6
69 70
70 60
71 28
71 72
72 24
73 43
73 78
74 68
75 18
75 76
76 68
77 42
77 78
78 74
79 13
79 80
80 16
81 54
81 82
82 30
83 48
83 84
84 49
