0 41
0 56
2 3
2 4
3 29
3 51
4 5
4 6
5 23
5 65
6 10
6 49
7 12
7 48
8 18
8 82
10 16
10 60
12 13
12 39
14 36
14 66
15 25
15 72
17 44
17 61
21 28
21 42
29 8
29 37
30 47
31 20
31 32
32 57
33 1
33 50
34 17
35 36
35 67
36 45
37 30
37 40
38 74
39 14
39 40
40 38
41 42
41 77
42 27
43 2
43 44
44 64
45 46
45 81
46 38
47 53
47 75
48 11
49 50
49 70
50 52
51 7
51 52
52 34
53 22
53 54
54 32
55 34
55 63
56 33
57 24
57 58
58 59
59 21
59 60
60 15
61 31
61 83
62 19
63 56
63 68
64 84
65 66
65 69
66 30
67 68
67 78
68 64
69 70
69 73
70 9
71 62
71 72
72 46
73 54
73 74
74 79
75 76
75 80
76 55
77 35
77 78
78 43
79 26
79 80
80 48
81 58
81 82
82 76
83 71
83 84
84 62
