0 2
0 33
1 9
1 72
2 3
2 57
3 31
3 80
4 40
4 51
5 36
5 71
8 26
8 43
9 20
9 52
12 39
12 81
14 59
14 60
15 67
15 84
16 18
16 30
19 48
19 55
24 28
24 47
29 56
29 64
30 66
31 11
31 32
32 10
33 38
33 45
34 27
35 21
35 36
36 7
37 23
37 38
38 49
39 14
39 40
40 6
41 25
41 68
42 34
43 44
43 50
44 32
45 34
45 79
46 69
47 63
47 73
48 22
49 1
49 50
50 41
51 52
51 54
52 29
53 74
53 83
54 46
55 35
55 56
56 30
57 4
57 65
58 53
59 15
59 60
60 78
61 62
61 76
62 54
63 64
63 77
64 19
65 58
65 66
66 17
67 24
67 68
68 42
69 5
69 70
70 8
71 70
71 72
72 44
73 42
73 74
74 75
75 62
75 76
76 82
77 48
77 78
78 16
79 46
79 80
80 58
81 61
81 82
82 13
83 12
83 84
84 37
