0 51
0 55
2 3
2 41
3 54
3 73
4 6
4 68
5 72
5 78
7 15
7 16
8 9
8 70
9 11
9 12
11 13
11 29
12 19
12 31
13 46
13 74
15 25
15 77
20 22
20 80
22 35
22 67
29 14
29 30
30 66
31 20
31 59
32 10
33 42
33 47
34 32
35 23
35 36
36 33
37 34
37 49
38 4
39 40
39 57
40 30
41 38
41 43
42 37
43 63
43 75
44 48
45 5
45 58
46 50
47 39
47 48
48 18
49 52
49 71
50 28
51 1
51 52
52 50
53 54
53 62
54 36
55 61
55 65
56 26
57 7
57 58
58 46
59 32
59 60
60 27
61 76
61 83
62 42
63 44
63 64
64 81
65 82
65 84
66 56
67 24
67 68
68 45
69 38
69 70
70 34
71 69
71 79
72 17
73 8
73 74
74 60
75 64
75 76
76 62
77 40
77 78
78 44
79 72
79 80
80 21
81 53
81 82
82 66
83 56
83 84
84 2
