0 33
0 53
1 5
1 29
2 43
2 48
3 12
3 79
4 9
4 63
5 17
5 52
6 8
6 40
7 19
7 75
8 35
8 50
9 51
9 74
10 39
10 72
12 34
12 59
16 24
16 81
22 38
22 44
29 65
29 73
30 23
31 25
31 32
32 14
33 2
33 57
34 49
35 47
35 80
36 68
37 1
37 38
38 28
39 26
39 40
40 7
41 36
41 42
42 84
43 44
43 61
44 27
45 18
45 54
46 22
47 48
47 67
48 4
49 76
49 77
50 13
51 15
51 52
52 66
53 37
53 54
54 56
55 11
55 56
56 62
57 58
57 69
58 3
59 21
59 64
60 41
61 58
61 62
62 46
63 64
63 83
64 60
65 30
65 66
66 45
67 32
67 68
68 30
69 34
69 70
70 46
71 10
71 72
72 78
73 6
73 74
74 16
75 76
75 82
76 50
77 70
77 78
78 31
79 55
79 80
80 60
81 42
81 82
82 20
83 71
83 84
84 36
