0 2
0 73
1 7
1 74
2 3
2 83
3 69
3 71
4 46
4 67
6 29
6 59
8 35
8 77
10 50
10 66
11 13
11 53
12 30
12 55
16 24
16 34
18 22
18 52
20 25
20 26
23 27
23 64
29 30
29 65
30 32
31 15
31 32
32 18
33 31
33 40
34 62
35 36
35 84
36 4
37 33
37 47
38 28
39 40
39 63
40 34
41 42
41 43
42 9
43 23
43 44
44 48
45 37
45 57
46 5
47 38
47 60
48 58
49 46
49 50
50 19
51 61
51 75
52 44
53 14
53 54
54 56
55 17
55 56
56 41
57 58
57 76
58 21
59 12
59 60
60 48
61 1
61 62
62 54
63 36
63 64
64 38
65 11
65 81
66 79
67 6
67 68
68 49
69 45
69 70
70 20
71 16
71 72
72 78
73 51
73 74
74 8
75 52
75 76
76 68
77 78
77 82
78 42
79 70
79 80
80 72
81 66
81 82
82 80
83 39
83 84
84 10
