0 1
0 34
1 32
1 39
3 51
3 81
4 10
4 52
5 12
5 72
6 33
6 73
10 13
10 37
12 18
12 36
14 15
14 47
15 23
15 24
18 20
18 53
20 22
20 29
23 30
23 57
24 25
24 77
29 49
29 61
30 27
31 58
31 69
32 3
33 34
33 84
34 43
35 50
35 78
36 17
37 14
37 38
38 55
39 4
39 40
40 8
41 67
41 75
42 56
43 44
43 79
44 64
45 41
45 74
46 42
47 16
47 48
48 38
49 21
49 50
50 36
51 6
51 52
52 9
53 54
53 83
54 60
55 30
55 71
56 62
57 31
57 63
58 32
59 19
59 82
60 26
61 44
61 62
62 68
63 64
63 65
64 48
65 58
65 66
66 40
67 35
67 68
68 54
69 28
69 70
70 46
71 56
71 72
72 11
73 45
73 74
74 70
75 46
75 76
76 2
77 42
77 80
78 7
79 76
79 80
80 78
81 5
81 82
82 60
83 59
83 84
84 66
