0 69
0 75
1 9
1 10
2 3
2 4
3 29
3 48
4 19
4 20
5 44
5 63
6 32
6 53
7 43
7 81
8 24
8 50
10 14
10 36
13 30
13 38
18 25
18 60
19 54
19 61
20 35
20 78
29 6
29 30
30 17
31 7
31 40
32 76
33 34
33 66
34 28
35 27
35 79
36 55
37 38
37 67
38 82
39 40
39 83
40 68
41 11
41 42
42 8
43 15
43 44
44 73
45 32
45 46
46 59
47 2
47 57
48 33
49 21
49 50
50 72
51 41
51 70
52 18
53 54
53 65
54 22
55 13
55 56
56 34
57 48
57 58
58 1
59 52
59 64
60 26
61 49
61 77
62 36
63 12
63 64
64 60
65 31
65 66
66 5
67 16
67 68
68 71
69 47
69 70
70 74
71 45
71 72
72 23
73 39
73 74
74 52
75 76
75 84
76 42
77 62
77 78
78 56
79 62
79 80
80 58
81 37
81 82
82 46
83 51
83 84
84 80
