0 1
0 53
1 33
1 52
2 3
2 65
3 64
3 82
4 6
4 63
5 8
5 69
6 25
6 26
8 21
8 54
9 19
9 20
10 39
10 66
13 15
13 16
16 17
16 29
20 46
20 77
22 28
22 31
29 35
29 73
30 55
31 40
31 41
32 84
33 13
33 70
34 27
35 30
35 37
36 45
37 36
37 38
38 22
39 30
39 48
40 74
41 34
41 72
42 32
43 5
43 80
44 83
45 46
45 47
46 51
47 48
47 78
48 40
49 44
49 50
50 18
51 44
51 56
52 79
53 61
53 81
54 59
55 11
55 56
56 52
57 54
57 58
58 9
59 38
59 76
60 71
61 2
61 67
62 57
63 43
63 64
64 75
65 4
65 66
66 12
67 62
67 68
68 10
69 42
69 70
70 34
71 68
71 72
72 42
73 36
73 74
74 32
75 58
75 76
76 60
77 24
77 78
78 50
79 14
79 80
80 49
81 62
81 82
82 60
83 23
83 84
84 7
