0 2
0 84
2 77
2 83
3 6
3 33
4 9
4 10
6 42
6 71
8 36
8 56
9 11
9 12
10 14
10 74
11 19
11 78
12 45
12 58
13 32
13 52
18 34
18 57
20 63
20 64
26 49
26 53
29 13
29 67
30 28
31 26
31 66
32 21
33 40
33 43
34 65
35 34
35 36
36 60
37 75
37 81
38 46
39 48
39 61
40 5
41 42
41 72
42 55
43 44
43 54
44 79
45 46
45 62
46 30
47 41
47 48
48 8
49 30
49 68
50 59
51 52
51 73
52 22
53 27
53 70
54 35
55 39
55 56
56 80
57 37
57 58
58 16
59 60
59 76
60 17
61 50
61 62
62 44
63 47
63 64
64 25
65 23
65 66
66 32
67 38
67 68
68 50
69 1
69 70
70 54
71 7
71 72
72 31
73 4
73 82
74 29
75 38
75 76
76 40
77 51
77 78
78 20
79 15
79 80
80 18
81 24
81 82
82 74
83 3
83 84
84 69
