0 2
0 31
1 3
1 4
2 9
2 10
3 50
3 70
4 57
4 79
5 8
5 82
8 48
8 51
9 15
9 16
12 13
12 29
15 17
15 47
16 46
16 66
17 49
17 68
21 27
21 28
24 26
24 64
29 14
29 55
30 75
31 1
31 72
32 52
33 34
33 78
34 45
35 36
35 73
36 12
37 25
37 38
38 7
39 62
39 65
40 77
41 22
41 42
42 37
43 44
43 63
44 33
45 20
45 80
46 19
47 67
47 81
48 39
49 21
49 60
50 5
51 43
51 83
52 76
53 50
53 54
54 38
55 30
55 56
56 32
57 36
57 58
58 35
59 30
59 60
60 53
61 58
61 62
62 40
63 23
63 64
64 61
65 24
65 66
66 34
67 59
67 74
68 41
69 18
69 70
70 6
71 68
71 72
72 44
73 40
73 74
74 71
75 69
75 76
76 11
77 78
77 84
78 56
79 32
79 80
80 46
81 48
81 82
82 54
83 52
83 84
84 42
