0 1
0 55
1 4
1 71
2 45
2 63
3 8
3 80
4 67
4 78
7 13
7 72
8 9
8 10
9 38
9 43
10 47
10 53
11 54
11 76
13 19
13 20
14 22
14 40
16 48
16 52
17 46
17 59
29 30
29 39
30 26
31 50
31 75
32 11
33 35
33 73
34 5
35 32
35 69
36 31
37 6
37 38
38 57
39 40
39 65
40 64
41 17
41 74
42 27
43 36
43 44
44 15
45 60
45 81
46 30
47 42
47 68
48 51
49 48
49 50
50 32
51 62
51 79
52 23
53 28
53 54
54 29
55 2
55 56
56 36
57 58
57 61
58 70
59 58
59 82
60 34
61 44
61 62
62 24
63 37
63 64
64 21
65 18
65 66
66 7
67 33
67 68
68 49
69 56
69 77
70 25
71 3
71 72
72 14
73 34
73 74
74 42
75 76
75 83
76 41
77 70
77 78
78 12
79 52
79 80
80 66
81 46
81 82
82 84
83 16
83 84
84 60
