0 57
0 63
2 34
2 45
3 7
3 33
4 6
4 68
5 12
5 46
6 19
6 48
7 40
7 74
8 18
8 56
9 32
9 55
10 13
10 14
11 16
11 83
13 36
13 65
14 24
14 52
26 28
26 37
29 30
29 39
30 51
31 25
31 32
32 53
33 62
33 69
34 49
35 17
35 36
36 43
37 27
37 82
38 8
39 40
39 41
40 71
41 3
41 42
42 44
43 44
43 72
44 64
45 46
45 79
46 11
47 54
47 80
48 20
49 4
49 50
50 5
51 1
51 59
52 23
53 54
53 84
54 48
55 67
55 70
56 35
57 2
57 58
58 22
59 52
59 60
60 26
61 29
61 62
62 38
63 64
63 78
64 50
65 47
65 66
66 56
67 21
67 68
68 42
69 34
69 70
70 66
71 72
71 73
72 31
73 9
73 77
74 10
75 61
75 76
76 38
77 74
77 78
78 30
79 75
79 80
80 81
81 60
81 82
82 76
83 15
83 84
84 58
