0 1
0 2
1 4
1 67
2 59
2 60
3 10
3 69
4 5
4 61
6 16
6 83
7 56
7 71
8 18
8 35
9 14
9 65
10 34
10 63
12 31
12 32
13 28
13 30
14 25
14 29
17 22
17 36
29 26
29 30
30 38
31 45
31 47
32 24
33 68
33 81
34 52
35 36
35 64
36 41
37 38
37 75
38 50
39 7
39 40
40 53
41 42
41 70
42 11
43 49
43 80
44 13
45 32
45 55
46 66
47 23
47 48
48 6
49 17
49 72
50 74
51 50
51 52
52 42
53 57
53 62
54 27
55 73
55 84
56 19
57 54
57 58
58 3
59 60
59 78
60 39
61 48
61 62
62 58
63 12
63 64
64 43
65 44
65 76
66 8
67 33
67 82
68 34
69 9
69 70
70 21
71 37
71 72
72 51
73 56
73 74
74 54
75 76
75 77
76 66
77 78
77 79
78 46
79 20
79 80
80 44
81 40
81 82
82 68
83 15
83 84
84 46
