0 2
0 65
1 9
1 44
2 3
2 4
3 26
3 38
4 6
4 41
5 23
5 36
6 7
6 75
7 58
7 72
8 47
8 79
9 11
9 69
10 20
10 35
15 62
15 66
16 32
16 34
21 27
21 55
29 45
29 52
30 10
31 13
31 32
32 18
33 39
33 40
34 17
35 57
35 78
36 42
37 30
37 73
38 25
39 34
39 51
40 8
41 42
41 60
42 24
43 5
43 44
44 70
45 46
45 54
46 31
47 48
47 50
48 67
49 30
49 71
50 15
51 40
51 59
52 56
53 49
53 54
54 77
55 28
55 56
56 37
57 36
57 58
58 82
59 52
59 60
60 43
61 16
61 62
62 29
63 22
63 64
64 61
65 1
65 66
66 48
67 63
67 81
68 46
69 70
69 74
70 53
71 50
71 80
72 68
73 38
73 74
74 12
75 33
75 76
76 64
77 78
77 83
78 19
79 76
79 84
80 72
81 68
81 82
82 14
83 21
83 84
84 80
