0 1
0 2
1 3
1 49
2 9
2 34
3 29
3 48
4 39
4 43
5 13
5 14
6 46
6 53
9 12
9 64
10 15
10 79
13 23
13 24
14 42
14 69
15 26
15 61
16 22
16 52
19 28
19 56
29 30
29 38
30 10
31 37
31 40
32 30
33 8
33 75
34 32
35 36
35 78
36 19
37 38
37 45
38 18
39 5
39 40
40 6
41 54
41 66
42 20
43 35
43 81
44 57
45 46
45 71
46 33
47 48
47 67
48 60
49 76
49 77
50 51
51 47
51 74
52 21
53 7
53 83
54 50
55 56
55 62
56 27
57 32
57 58
58 42
59 25
59 60
60 17
61 63
61 84
62 73
63 62
63 64
64 11
65 66
65 72
66 70
67 36
67 68
68 16
69 65
69 70
70 80
71 44
71 82
72 41
73 58
73 74
74 52
75 34
75 76
76 50
77 4
77 78
78 31
79 68
79 80
80 55
81 44
81 82
82 72
83 54
83 84
84 59
