Minimum level: 5
Runtime (sec): 1.9993798750219867
Support network with minimum level
18 48
48 21
47 90
90 20
91 92
92 76
75 47
88 62
62 45
61 62
37 26
26 18
54 38
38 36
0 1
0 2
1 35
1 83
2 54
85 59
85 86
59 5
86 66
63 64
64 58
5 44
44 77
43 23
23 85
89 91
89 6
39 37
39 72
72 41
71 69
69 31
83 3
83 84
3 43
3 88
84 67
79 80
80 78
77 87
87 17
31 12
76 34
34 40
78 19
17 8
8 9
8 22
49 24
24 42
27 50
50 25
36 28
28 71
25 81
25 82
81 68
82 39
68 63
67 11
73 4
22 74
74 10
16 30
30 18
29 75
19 57
57 61
20 27
9 49
9 29
51 52
52 7
15 46
46 16
45 55
55 89
66 13
65 56
56 60
42 33
41 70
70 40
60 14
58 32
32 15
40 32
21 65
21 51
33 16
35 53
53 79
53 73
