Minimum level: 6
Runtime (sec): 2.5984951250138693
Support network with minimum level
26 28
28 101
100 28
0 17
0 16
17 29
17 41
16 85
37 47
47 61
35 21
21 49
21 55
63 36
36 5
82 64
64 83
8 19
8 51
19 69
19 45
51 22
85 67
67 73
67 79
22 86
86 98
65 103
103 91
83 44
44 42
80 84
84 32
45 95
95 46
89 90
90 20
42 10
38 68
68 76
79 68
71 80
27 72
72 97
99 100
46 26
50 96
96 78
32 4
2 99
40 54
54 34
53 24
24 3
62 24
73 59
1 6
6 15
6 39
69 70
70 77
93 94
94 48
20 18
49 105
49 33
105 106
33 38
33 74
29 93
77 30
30 63
78 2
7 35
7 27
41 1
41 65
18 102
102 12
101 102
61 62
48 18
81 8
81 82
43 57
57 50
91 66
97 104
104 56
98 11
52 92
92 14
66 13
3 75
75 31
76 22
106 58
58 52
59 43
59 60
60 87
39 88
88 40
87 7
56 9
55 89
15 23
15 37
31 71
23 53
74 34
25 81
34 25
