Minimum level: 4
Runtime (sec): 1.055433500034269
Support network with minimum level
48 22
22 18
67 22
20 68
68 42
19 10
19 38
38 35
37 31
31 33
35 36
35 55
60 48
21 47
47 60
0 69
69 15
65 34
34 64
56 66
66 5
62 21
24 20
32 20
53 71
71 23
71 72
44 54
54 11
15 2
15 16
2 61
2 29
16 52
23 50
50 24
49 32
33 9
33 41
58 70
70 6
61 51
51 17
3 62
59 30
30 25
57 58
36 59
55 56
72 42
41 65
42 3
45 27
45 46
27 39
27 28
46 26
11 13
29 57
29 4
4 53
4 37
1 8
1 40
8 12
40 7
39 43
43 44
28 56
63 19
64 18
25 45
26 14
17 67
17 49
52 63
18 1
