Minimum level: 1
Runtime (sec): 34.12591595802223
Support network with minimum level
28 46
46 74
45 32
32 14
37 32
48 38
38 16
5 47
47 20
57 58
58 9
19 54
54 40
69 70
69 51
70 43
51 71
24 18
18 12
65 66
66 28
27 34
34 11
33 30
30 6
29 5
60 29
21 45
35 22
22 42
0 36
0 17
36 28
17 31
17 64
20 10
56 67
67 68
23 35
61 24
61 63
63 62
44 39
39 61
31 59
31 37
64 65
62 27
41 50
50 42
49 53
53 57
16 23
9 21
68 48
25 4
25 73
4 33
73 26
71 52
52 44
59 60
59 15
15 2
3 69
26 41
74 1
42 13
40 72
72 25
6 7
6 8
2 3
2 55
55 56
55 19
43 49
