Minimum level: 6
Runtime (sec): 0.013622040976770222
Support network with minimum level
35 23
23 49
84 36
36 62
81 83
83 85
83 84
43 82
82 68
75 52
52 12
65 76
76 66
54 18
18 40
85 86
47 80
80 48
79 42
42 31
0 2
2 3
2 4
72 50
50 34
49 30
30 46
37 41
41 79
66 28
28 57
86 54
53 88
88 46
87 44
44 32
31 1
1 5
68 87
67 22
22 24
19 27
27 29
20 13
56 34
34 54
24 26
38 8
60 38
25 69
69 70
17 61
17 14
61 73
46 59
59 17
77 19
77 78
78 40
51 75
45 53
45 71
71 65
40 20
9 63
9 21
63 47
21 67
21 39
62 16
73 74
74 60
7 35
7 55
55 77
55 58
70 64
64 20
5 9
5 81
58 56
57 10
3 25
3 7
32 15
33 43
33 72
39 51
39 33
29 37
48 66
26 45
15 6
16 11
