Minimum level: 3
Runtime (sec): 0.15740179200656712
Support network with minimum level
73 25
25 16
38 74
74 6
65 41
65 66
41 75
66 45
37 38
4 21
21 5
5 10
63 64
64 29
52 46
46 28
28 54
8 51
51 27
27 59
71 72
72 52
54 67
20 13
0 33
0 31
33 35
33 37
31 1
45 55
45 79
76 15
15 19
15 62
47 57
57 53
80 26
26 22
49 23
49 50
23 14
50 20
59 60
62 16
16 4
79 34
34 80
19 36
61 63
32 24
24 69
44 78
78 30
77 8
68 11
53 71
53 48
48 68
69 70
70 42
43 44
36 20
35 58
58 43
22 9
10 18
30 7
29 47
60 42
75 76
40 32
18 12
17 3
3 77
3 39
56 40
39 65
1 73
1 17
55 61
55 56
67 49
42 2
