Minimum level: 3
Runtime (sec): 13.457272041996475
Support network with minimum level
73 25
25 34
38 74
74 6
65 41
41 75
37 66
66 45
4 38
4 21
21 5
5 10
63 64
64 29
52 46
46 28
28 54
8 51
51 27
27 50
27 59
71 72
72 52
54 67
20 13
0 33
0 31
33 35
33 37
31 56
31 1
45 55
45 79
76 15
15 19
47 57
57 58
57 53
80 26
26 22
49 23
23 14
50 20
59 60
62 16
16 4
34 80
79 80
19 44
61 62
61 63
32 24
24 69
44 78
78 30
77 8
68 11
53 71
69 48
48 68
43 70
70 42
35 36
36 20
58 43
22 9
10 18
30 7
29 47
60 42
75 76
40 32
18 12
17 3
3 77
3 39
56 40
39 65
1 73
1 17
55 61
67 49
42 2
