0 35
0 41
1 21
1 43
2 32
2 34
3 74
3 85
5 7
5 39
8 24
8 71
11 23
11 47
15 3
15 84
16 62
17 1
17 55
18 60
19 20
19 27
20 18
21 19
21 54
22 70
23 67
23 68
24 66
25 24
25 26
26 13
27 28
27 33
28 16
29 17
29 44
30 31
31 10
31 86
32 16
33 34
33 65
34 5
35 2
35 36
36 57
37 38
37 49
38 25
39 40
39 56
40 6
41 29
41 42
42 52
43 42
43 82
44 30
45 36
45 63
46 80
47 48
47 69
48 4
49 30
49 50
50 46
51 8
51 52
52 61
53 54
53 78
54 22
55 18
55 87
56 58
57 58
57 89
58 51
59 38
59 60
60 9
61 48
61 62
62 75
63 46
63 64
64 26
65 15
65 73
66 20
67 53
67 68
68 81
69 64
69 70
70 12
71 37
71 72
72 76
73 66
73 88
74 22
75 40
75 76
76 59
77 44
77 78
78 14
79 45
79 80
80 11
81 72
81 82
82 77
83 50
83 84
84 79
85 83
85 90
86 32
87 56
87 88
88 74
89 28
89 90
90 86
