0 19
0 73
1 27
1 37
2 4
2 31
3 5
3 30
5 64
5 86
6 69
6 76
9 22
9 46
15 32
15 34
16 45
17 61
17 72
18 68
19 16
19 20
20 24
21 22
21 52
22 18
23 29
23 43
24 2
25 78
25 85
26 84
27 17
27 60
28 58
29 20
29 80
30 6
31 32
31 35
32 66
33 42
33 77
34 16
35 36
35 53
36 51
37 39
37 71
38 7
39 9
39 40
40 12
41 23
41 42
42 25
43 44
43 49
44 48
45 46
45 83
46 40
47 34
47 48
48 54
49 59
49 90
50 14
51 28
51 56
52 28
53 74
53 82
54 15
55 3
55 56
56 67
57 50
57 58
58 13
59 33
59 60
60 36
61 18
61 62
62 57
63 64
63 75
64 70
65 66
65 81
66 21
67 52
67 68
68 11
69 44
69 70
70 65
71 72
71 88
72 10
73 41
73 74
74 55
75 38
75 76
76 50
77 78
77 79
78 89
79 47
79 80
80 30
81 8
81 82
82 87
83 26
83 84
84 1
85 26
85 86
86 63
87 54
87 88
88 38
89 24
89 90
90 62
