0 1
0 75
1 4
1 15
3 18
3 37
4 17
4 22
5 35
5 72
6 33
6 62
11 14
11 20
15 3
15 52
16 21
17 49
17 77
18 25
19 20
19 83
20 13
21 69
21 89
22 48
23 51
23 61
24 26
25 23
25 78
26 53
27 24
27 76
28 32
29 9
29 30
30 27
31 73
31 82
32 34
33 57
33 65
34 60
35 12
35 88
36 28
37 67
37 87
38 45
39 5
39 40
40 22
41 26
41 42
42 32
43 44
43 74
44 31
45 28
45 46
46 68
47 41
47 48
48 85
49 19
49 50
50 79
51 39
51 52
52 59
53 44
53 56
54 71
55 46
55 56
56 54
57 58
57 63
58 81
59 16
59 60
60 80
61 30
61 62
62 16
63 64
63 66
64 11
65 58
65 66
66 8
67 68
67 70
68 7
69 40
69 70
70 38
71 42
71 72
72 36
73 55
73 74
74 36
75 2
75 90
76 38
77 10
77 78
78 47
79 34
79 80
80 64
81 50
81 86
82 54
83 18
83 84
84 43
85 29
85 86
86 82
87 6
87 88
88 84
89 24
89 90
90 76
