0 19
0 48
1 4
1 21
4 5
4 6
5 7
5 43
7 12
7 88
8 24
8 80
12 27
12 31
15 67
15 70
16 56
17 59
17 85
18 2
19 29
19 77
20 58
21 61
21 65
22 42
23 24
23 54
24 25
25 22
25 26
26 3
27 74
27 76
28 44
29 30
29 81
30 57
31 32
31 79
32 46
33 36
33 75
34 73
35 36
35 50
36 34
37 9
37 38
38 64
39 14
39 40
40 13
41 40
41 42
42 10
43 52
43 86
44 55
45 26
45 46
46 87
47 28
47 53
48 18
49 34
49 50
50 47
51 52
51 63
52 68
53 54
53 66
54 78
55 16
55 84
56 37
57 38
57 58
58 11
59 49
59 60
60 71
61 45
61 69
62 72
63 89
63 90
64 41
65 32
65 66
66 48
67 20
67 68
68 44
69 62
69 70
70 28
71 20
71 72
72 51
73 18
73 74
74 30
75 62
75 76
76 35
77 78
77 82
78 16
79 17
79 80
80 23
81 1
81 82
82 83
83 60
83 84
84 56
85 39
85 86
86 33
87 22
87 88
88 15
89 8
89 90
90 64
