0 2
0 31
1 3
1 61
2 59
2 90
4 34
4 63
5 28
5 46
8 15
8 79
9 12
9 38
15 47
15 60
16 67
17 18
17 73
18 55
19 78
19 84
20 37
21 22
21 58
22 54
23 7
23 27
24 20
25 26
25 87
26 52
27 24
27 28
28 32
29 25
29 30
30 86
31 1
31 39
32 29
33 11
33 34
34 26
35 8
35 36
36 9
37 38
37 56
38 33
39 32
39 40
40 66
41 42
41 44
42 43
43 18
43 49
44 80
45 46
45 50
46 21
47 17
47 51
48 20
49 57
49 75
50 48
51 52
51 65
52 6
53 36
53 54
54 30
55 69
55 77
56 5
57 50
57 58
58 62
59 60
59 85
60 16
61 16
61 62
62 40
63 70
63 81
64 68
65 48
65 66
66 76
67 68
67 83
68 24
69 56
69 74
70 71
71 64
71 72
72 19
73 74
73 89
74 70
75 44
75 76
76 10
77 72
77 78
78 22
79 42
79 80
80 64
81 41
81 82
82 53
83 4
83 84
84 45
85 35
85 86
86 88
87 82
87 88
88 14
89 13
89 90
90 23
