0 15
0 43
2 26
2 72
4 19
4 33
5 8
5 21
6 13
6 25
8 20
8 37
10 51
10 59
15 16
15 36
16 67
17 18
17 30
18 39
19 57
19 61
20 22
21 22
21 49
22 10
23 20
23 79
24 12
25 69
25 74
26 77
27 1
27 28
28 2
29 28
29 71
30 50
31 60
31 70
32 48
33 5
33 34
34 23
35 30
35 45
36 65
37 76
37 85
38 31
39 52
39 62
40 3
41 9
41 78
42 87
43 44
43 55
44 38
45 36
45 56
46 41
47 4
47 66
48 24
49 18
49 50
50 14
51 52
51 88
52 53
53 40
53 54
54 7
55 16
55 63
56 46
57 34
57 58
58 42
59 11
59 60
60 54
61 6
61 62
62 44
63 64
63 73
64 42
65 27
65 66
66 84
67 29
67 68
68 90
69 80
69 86
70 82
71 35
71 72
72 47
73 56
73 81
74 26
75 40
75 76
76 38
77 75
77 78
78 64
79 58
79 80
80 83
81 74
81 82
82 32
83 70
83 84
84 89
85 46
85 86
86 68
87 24
87 88
88 32
89 48
89 90
90 17
