0 21
0 47
1 3
1 89
2 62
2 86
3 28
3 74
4 6
4 53
5 49
5 59
9 22
9 50
15 24
15 41
16 76
17 43
17 81
18 80
19 7
19 33
20 38
21 2
21 29
22 11
23 54
23 90
24 88
25 46
25 79
26 66
27 12
27 58
28 32
29 30
29 39
30 25
31 20
31 78
32 13
33 34
33 68
34 64
35 70
35 71
36 40
37 30
37 69
38 45
39 48
39 60
40 27
41 8
41 42
42 36
43 55
43 73
44 52
45 34
45 46
46 18
47 48
47 85
48 57
49 50
49 61
50 36
51 16
51 52
52 63
53 5
53 54
54 51
55 44
55 77
56 42
57 58
57 67
58 87
59 60
59 65
60 22
61 19
61 62
62 9
63 16
63 64
64 14
65 26
65 66
66 17
67 68
67 72
68 31
69 38
69 70
70 23
71 56
71 72
72 40
73 82
73 84
74 20
75 74
75 76
76 10
77 56
77 78
78 32
79 26
79 80
80 35
81 18
81 82
82 15
83 37
83 84
84 75
85 1
85 86
86 83
87 28
87 88
88 44
89 4
89 90
90 24
