0 19
0 25
1 27
1 49
2 4
2 21
5 35
5 45
7 10
7 31
10 11
10 90
11 68
11 84
15 9
15 41
16 18
17 40
17 52
18 12
19 20
19 26
20 59
21 44
21 81
22 83
23 53
23 61
24 71
25 1
25 26
26 28
27 38
27 73
28 2
29 16
29 30
30 46
31 36
31 43
32 29
33 34
33 69
34 54
35 36
35 82
36 32
37 50
37 67
38 65
39 40
39 86
40 88
41 42
41 56
42 33
43 44
43 47
44 78
45 7
45 46
46 76
47 48
47 89
48 24
49 55
49 60
50 38
51 22
51 52
52 42
53 54
53 64
54 16
55 20
55 72
56 32
57 3
57 58
58 14
59 6
59 85
60 50
61 74
61 80
62 70
63 64
63 77
64 24
65 28
65 66
66 8
67 5
67 68
68 87
69 18
69 70
70 58
71 39
71 72
72 56
73 37
73 74
74 51
75 66
75 79
76 62
77 48
77 78
78 23
79 76
79 80
80 62
81 57
81 82
82 22
83 75
83 84
84 30
85 60
85 86
86 13
87 63
87 88
88 15
89 17
89 90
90 34
