0 1
0 63
1 38
1 75
2 54
2 87
3 12
3 17
4 23
4 26
6 10
6 68
7 22
7 33
15 16
15 79
16 8
17 11
17 18
18 67
19 20
19 28
20 13
21 47
21 48
22 66
23 24
23 56
24 90
25 49
25 85
26 5
27 46
27 53
28 3
29 30
29 31
30 21
31 37
31 84
32 65
33 30
33 34
34 20
35 16
35 82
36 40
37 52
37 89
38 43
39 24
39 60
40 88
41 42
41 73
42 26
43 44
43 50
44 32
45 51
45 57
46 28
47 22
47 81
48 34
49 18
49 50
50 27
51 52
51 83
52 38
53 19
53 69
54 39
55 44
55 56
56 64
57 58
57 71
58 14
59 9
59 60
60 40
61 6
61 62
62 46
63 29
63 64
64 61
65 41
65 66
66 36
67 2
67 68
68 59
69 72
69 76
70 7
71 42
71 86
72 54
73 4
73 74
74 77
75 15
75 80
76 74
77 70
77 78
78 35
79 55
79 80
80 76
81 48
81 82
82 36
83 62
83 84
84 32
85 45
85 86
86 72
87 78
87 88
88 58
89 25
89 90
90 70
