0 2
0 28
2 47
2 56
3 27
3 43
4 7
4 39
5 18
5 46
6 11
6 33
8 13
8 34
15 26
15 55
16 37
17 45
17 64
18 9
19 17
19 20
20 49
21 52
21 76
22 14
23 50
23 59
24 25
25 16
25 26
26 75
27 29
27 78
28 1
29 19
29 30
30 77
31 32
31 57
32 41
33 34
33 72
34 42
35 21
35 66
36 84
37 20
37 38
38 63
39 40
39 89
40 68
41 18
41 42
42 22
43 15
43 44
44 90
45 23
45 71
46 83
47 3
47 48
48 4
49 35
49 67
50 58
51 48
51 52
52 22
53 16
53 54
54 46
55 24
55 56
56 80
57 8
57 58
58 32
59 24
59 65
60 6
61 36
61 62
62 50
63 60
63 87
64 5
65 60
65 66
66 61
67 62
67 68
68 44
69 38
69 79
70 82
71 54
71 72
72 30
73 12
73 74
74 28
75 69
75 76
76 36
77 78
77 86
78 74
79 70
79 80
80 51
81 31
81 82
82 85
83 70
83 84
84 40
85 10
85 86
86 73
87 64
87 88
88 81
89 53
89 90
90 88
