0 19
0 41
1 29
1 35
2 16
2 78
3 25
3 36
4 32
4 45
5 28
5 69
6 13
6 68
15 23
15 42
16 9
17 46
17 72
18 47
19 27
19 53
20 80
21 22
21 64
22 60
23 22
23 34
24 65
25 24
25 77
26 52
27 2
27 54
28 44
29 3
29 30
30 55
31 1
31 88
32 61
33 12
33 67
34 40
35 4
35 85
36 33
37 8
37 84
38 11
39 40
39 70
40 24
41 42
41 87
42 31
43 20
43 44
44 26
45 50
45 75
46 30
47 38
47 48
48 16
49 50
49 79
50 6
51 48
51 52
52 86
53 20
53 54
54 58
55 18
55 66
56 21
57 15
57 62
58 28
59 57
59 60
60 51
61 5
61 62
62 74
63 26
63 64
64 18
65 56
65 66
66 56
67 34
67 71
68 14
69 43
69 70
70 83
71 68
71 73
72 10
73 72
73 82
74 58
75 46
75 76
76 17
77 39
77 81
78 76
79 36
79 80
80 7
81 78
81 82
82 90
83 63
83 84
84 38
85 49
85 89
86 37
87 59
87 88
88 32
89 86
89 90
90 74
