0 2
0 19
1 6
1 37
2 4
2 21
4 25
4 54
5 7
5 17
6 50
6 79
12 13
12 20
15 23
15 76
16 9
17 18
17 66
18 26
19 45
19 71
20 15
21 53
21 55
22 10
23 63
23 88
24 80
25 48
25 49
26 22
27 12
27 59
28 8
29 35
29 73
30 5
31 47
31 68
32 42
33 22
33 58
34 32
35 18
35 57
36 38
37 64
37 85
38 16
39 20
39 62
40 41
41 42
41 67
42 30
43 38
43 44
44 3
45 72
45 78
46 28
47 60
47 86
48 40
49 50
49 74
50 29
51 26
51 52
52 30
53 33
53 70
54 11
55 56
55 84
56 77
57 65
57 87
58 34
59 60
59 83
60 48
61 14
61 62
62 56
63 61
63 64
64 43
65 58
65 66
66 46
67 51
67 68
68 32
69 36
69 70
70 75
71 1
71 72
72 39
73 74
73 81
74 27
75 54
75 90
76 36
77 40
77 78
78 46
79 80
79 82
80 16
81 52
81 82
82 31
83 28
83 89
84 44
85 34
85 86
86 24
87 69
87 88
88 24
89 84
89 90
90 76
