0 25
0 64
2 51
2 52
3 19
3 26
4 16
4 81
5 37
5 70
6 54
6 80
12 22
12 63
15 43
15 86
16 20
17 18
17 24
18 16
19 44
19 49
20 21
21 41
21 78
22 35
23 17
23 24
24 73
25 2
25 26
26 57
27 67
27 75
28 50
29 5
29 61
30 82
31 20
31 32
32 22
33 30
33 34
34 55
35 62
35 76
36 42
37 28
37 38
38 40
39 40
39 90
40 31
41 42
41 48
42 85
43 18
43 44
44 38
45 39
45 46
46 32
47 15
47 48
48 11
49 29
49 84
50 45
51 52
51 87
52 4
53 50
53 54
54 47
55 58
55 65
56 79
57 34
57 74
58 6
59 27
59 60
60 23
61 33
61 62
62 30
63 64
63 88
64 1
65 56
65 66
66 69
67 68
67 72
68 71
69 13
69 70
70 60
71 56
71 83
72 28
73 36
73 74
74 58
75 12
75 76
76 36
77 66
77 78
78 46
79 77
79 80
80 7
81 59
81 82
82 14
83 72
83 89
84 53
85 9
85 86
86 8
87 3
87 88
88 68
89 84
89 90
90 10
