0 27
0 46
1 26
1 31
2 23
2 88
3 29
3 61
4 33
4 85
7 24
7 41
12 42
12 74
15 14
15 16
16 18
17 8
17 37
18 34
19 11
19 71
20 6
21 53
21 58
22 84
23 5
23 60
24 75
25 9
25 50
26 3
27 1
27 49
28 55
29 12
29 73
30 90
31 32
31 47
32 76
33 54
33 59
34 44
35 7
35 66
36 67
37 38
37 45
38 79
39 18
39 43
40 16
41 36
41 42
42 15
43 44
43 72
44 52
45 39
45 51
46 86
47 48
47 83
48 28
49 50
49 65
50 26
51 46
51 62
52 10
53 48
53 54
54 77
55 4
55 68
56 17
57 56
57 63
58 70
59 80
59 89
60 24
61 62
61 69
62 52
63 58
63 64
64 56
65 28
65 66
66 36
67 30
67 81
68 57
69 32
69 78
70 22
71 20
71 72
72 40
73 30
73 82
74 13
75 38
75 76
76 19
77 35
77 87
78 70
79 25
79 80
80 34
81 68
81 82
82 74
83 21
83 84
84 20
85 64
85 86
86 2
87 78
87 88
88 22
89 60
89 90
90 40
