0 26
0 87
1 19
1 71
2 3
2 4
3 54
3 72
4 25
4 42
5 77
5 84
6 22
6 24
15 45
15 89
16 61
17 35
17 43
18 6
19 16
19 27
20 67
21 10
21 38
22 62
23 24
23 46
24 65
25 26
25 64
26 1
27 29
27 52
28 15
29 20
29 57
30 66
31 22
31 32
32 83
33 13
33 34
34 56
35 18
35 36
36 12
37 38
37 41
38 50
39 20
39 73
40 28
41 42
41 49
42 32
43 33
43 69
44 23
45 70
45 78
46 7
47 48
47 63
48 30
49 50
49 81
50 31
51 68
51 79
52 28
53 39
53 86
54 5
55 17
55 56
56 36
57 48
57 58
58 54
59 30
59 60
60 14
61 9
61 62
62 44
63 64
63 82
64 53
65 59
65 66
66 74
67 34
67 76
68 11
69 44
69 80
70 46
71 21
71 72
72 75
73 40
73 90
74 8
75 37
75 76
76 68
77 60
77 78
78 88
79 52
79 80
80 70
81 47
81 82
82 18
83 84
83 85
84 40
85 51
85 86
86 58
87 2
87 88
88 16
89 55
89 90
90 74
