0 43
0 46
1 6
1 79
2 29
2 37
4 15
4 16
6 35
6 44
9 19
9 27
10 14
10 25
15 16
15 78
16 21
17 1
17 65
18 66
19 20
19 45
20 82
21 26
21 28
22 88
23 18
23 24
24 22
25 33
25 39
26 24
27 28
27 51
28 60
29 30
29 49
30 20
31 5
31 56
32 38
33 50
33 71
34 31
35 9
35 36
36 89
37 38
37 61
38 58
39 40
39 48
40 32
41 12
41 73
42 18
43 17
43 44
44 10
45 62
45 72
46 70
47 48
47 77
48 23
49 32
49 67
50 90
51 52
51 81
52 36
53 42
53 74
54 63
55 56
55 69
56 40
57 58
57 83
58 4
59 34
59 60
60 84
61 62
61 64
62 75
63 59
63 64
64 3
65 53
65 66
66 68
67 50
67 76
68 22
69 54
69 80
70 2
71 26
71 72
72 46
73 57
73 74
74 55
75 11
75 76
76 68
77 8
77 78
78 7
79 52
79 80
80 70
81 41
81 85
82 13
83 42
83 84
84 87
85 82
85 86
86 47
87 86
87 88
88 30
89 54
89 90
90 34
