0 1
0 25
1 3
1 24
2 41
2 67
3 43
3 59
4 17
4 79
5 23
5 38
11 18
11 54
15 16
15 36
16 51
17 7
17 18
18 35
19 15
19 20
20 70
21 71
21 74
22 46
23 24
23 37
24 53
25 2
25 76
26 60
27 10
27 49
28 84
29 30
29 44
30 42
31 39
31 45
32 28
33 6
33 34
34 62
35 36
35 48
36 30
37 21
37 87
38 31
39 32
39 40
40 85
41 42
41 56
42 9
43 27
43 86
44 58
45 20
45 46
46 28
47 22
47 48
48 90
49 32
49 77
50 26
51 11
51 72
52 8
53 75
53 78
54 13
55 38
55 56
56 81
57 58
57 65
58 14
59 19
59 60
60 69
61 12
61 66
62 16
63 22
63 68
64 54
65 66
65 80
66 62
67 5
67 68
68 64
69 70
69 83
70 61
71 40
71 72
72 52
73 63
73 74
74 57
75 64
75 76
76 88
77 78
77 82
78 89
79 52
79 80
80 34
81 33
81 82
82 50
83 47
83 84
84 4
85 73
85 86
86 44
87 55
87 88
88 26
89 50
89 90
90 29
