0 2
0 43
1 51
1 83
2 55
2 78
4 6
4 33
6 48
6 71
7 30
7 54
11 37
11 58
15 23
15 75
16 32
17 10
17 45
18 40
19 12
19 68
20 34
21 60
21 85
22 59
23 24
23 52
24 19
25 26
25 36
26 5
27 35
27 57
28 18
29 3
29 74
30 9
31 28
31 32
32 42
33 21
33 34
34 66
35 72
35 86
36 11
37 47
37 81
38 8
39 44
39 76
40 13
41 40
41 42
42 7
43 1
43 44
44 70
45 46
45 73
46 38
47 87
47 89
48 63
49 29
49 50
50 20
51 53
51 56
52 80
53 27
53 67
54 17
55 39
55 56
56 52
57 4
57 58
58 50
59 69
59 79
60 84
61 64
61 82
62 49
63 24
63 88
64 14
65 62
65 66
66 31
67 54
67 68
68 20
69 60
69 70
70 41
71 72
71 77
72 90
73 18
73 74
74 30
75 16
75 76
76 46
77 22
77 78
78 16
79 25
79 80
80 61
81 38
81 82
82 62
83 65
83 84
84 26
85 22
85 86
86 36
87 15
87 88
88 64
89 48
89 90
90 28
