0 41
0 85
1 19
1 83
2 14
2 58
3 6
3 20
4 31
4 37
6 11
6 28
7 66
7 87
15 2
15 56
16 49
17 54
17 59
18 74
19 3
19 84
20 39
21 33
21 57
22 9
23 43
23 81
24 29
25 26
25 70
26 18
27 18
27 67
28 12
29 20
29 82
30 16
31 25
31 46
32 10
33 22
33 34
34 65
35 17
35 50
36 44
37 69
37 88
38 60
39 38
39 40
40 36
41 42
41 73
42 77
43 44
43 51
44 5
45 46
45 90
46 86
47 36
47 55
48 40
49 50
49 89
50 48
51 61
51 68
52 22
53 32
53 72
54 16
55 56
55 62
56 64
57 47
57 58
58 13
59 75
59 76
60 26
61 27
61 62
62 48
63 42
63 64
64 30
65 15
65 66
66 45
67 68
67 78
68 52
69 38
69 70
70 7
71 32
71 72
72 54
73 34
73 74
74 21
75 63
75 76
76 60
77 23
77 78
78 28
79 24
79 80
80 35
81 24
81 82
82 30
83 4
83 84
84 79
85 1
85 86
86 53
87 71
87 88
88 80
89 8
89 90
90 52
