Minimum level: 3
Runtime (sec): 3.2557786249672063
Support network with minimum level
56 30
30 41
62 30
41 73
41 42
90 54
54 19
88 54
37 69
37 59
69 53
69 70
59 60
59 2
53 67
70 58
81 82
82 87
25 16
16 4
61 71
71 83
3 7
97 98
98 8
39 24
24 3
84 40
40 81
23 61
44 36
36 39
28 10
77 33
77 78
33 51
78 29
45 79
79 95
2 21
2 80
21 91
21 45
80 25
95 96
96 48
48 34
63 48
19 64
64 68
92 86
86 66
20 50
50 26
49 32
32 5
99 100
100 13
4 14
73 74
73 17
42 88
5 75
75 46
68 20
29 72
72 43
83 84
67 90
26 94
94 97
93 76
76 26
46 56
47 93
51 55
60 63
55 1
91 52
91 92
52 22
85 99
27 35
35 85
35 44
74 28
17 28
1 27
58 38
38 31
87 47
43 62
57 23
66 22
22 9
34 18
18 6
31 65
65 49
89 37
0 89
0 15
15 57
15 77
9 12
9 11
