Minimum level: 1
Runtime (sec): 1.1223297080141492
Support network with minimum level
1 4
1 24
24 56
37 82
82 72
81 7
7 9
7 46
78 52
52 67
35 86
86 50
85 57
57 69
57 58
23 87
87 88
54 32
32 37
36 62
62 5
61 12
12 71
12 25
64 76
76 1
79 76
58 80
80 70
69 11
67 68
68 40
39 84
84 38
83 16
16 21
59 77
77 60
47 51
47 48
51 78
48 26
53 54
31 14
6 33
33 81
29 30
29 64
30 55
63 15
15 2
22 35
50 28
28 31
41 42
42 17
60 27
2 60
26 49
25 53
65 66
66 20
27 6
27 41
56 43
75 79
0 59
0 19
19 63
38 10
88 83
21 22
40 34
9 47
9 85
46 38
45 29
44 74
74 18
73 44
43 3
17 73
17 61
71 13
72 39
49 65
70 36
55 75
20 23
34 45
18 8
