Minimum level: 2
Runtime (sec): 0.05146262503694743
Support network with minimum level
73 71
71 72
38 74
74 7
49 75
49 15
75 58
15 23
15 73
76 48
48 65
5 17
17 9
64 70
70 36
69 22
22 2
41 22
27 42
42 29
7 28
28 12
45 46
46 60
34 26
26 24
32 18
18 38
19 20
20 34
72 40
39 55
55 16
55 56
57 1
1 21
1 3
58 68
47 76
36 30
30 40
33 10
23 37
23 62
37 61
62 27
61 43
43 67
56 59
59 53
21 4
21 41
29 63
63 36
24 54
50 64
68 66
67 44
44 14
51 52
52 19
54 8
60 47
53 31
16 69
25 35
35 45
0 57
0 39
31 5
2 25
2 6
6 51
6 13
66 50
65 33
3 49
3 32
40 11
