0 1
0 2
1 21
1 45
2 6
2 52
4 32
4 51
5 12
5 65
7 46
7 49
12 15
12 28
15 20
15 64
16 10
17 30
17 57
18 8
19 20
19 37
20 60
21 27
21 33
22 53
23 17
23 31
24 29
25 41
25 62
26 50
27 22
27 28
28 24
29 36
29 38
30 18
31 32
31 43
32 7
33 34
33 39
34 61
35 44
35 59
36 30
37 38
37 40
38 56
39 19
39 63
40 4
41 35
41 42
42 11
43 44
43 67
44 36
45 3
45 46
46 22
47 25
47 48
48 34
49 26
49 66
50 16
51 18
51 52
52 5
53 47
53 68
54 48
55 42
55 56
56 13
57 54
57 58
58 24
59 26
59 60
60 16
61 14
61 62
62 9
63 40
63 64
64 23
65 55
65 66
66 50
67 58
67 68
68 54
