0 15
0 40
1 4
1 26
4 5
4 55
6 20
6 53
7 39
7 57
8 47
8 52
9 51
9 54
15 1
15 37
16 11
17 16
17 30
18 62
19 32
19 66
20 21
21 7
21 22
22 36
23 24
23 41
24 38
25 28
25 33
26 34
27 28
27 48
28 50
29 23
29 30
30 18
31 10
31 32
32 63
33 65
33 67
34 29
35 6
35 46
36 42
37 25
37 45
38 64
39 14
39 40
40 2
41 3
41 42
42 56
43 34
43 44
44 19
45 38
45 46
46 68
47 9
47 48
48 60
49 50
49 61
50 22
51 12
51 52
52 31
53 8
53 54
54 27
55 35
55 56
56 17
57 18
57 58
58 13
59 26
59 60
60 44
61 59
61 62
62 58
63 24
63 64
64 16
65 43
65 66
66 20
67 49
67 68
68 36
