0 2
0 29
2 3
2 17
3 14
3 43
4 19
4 58
6 21
6 41
7 11
7 12
8 20
8 40
15 8
15 34
16 13
17 25
17 60
18 68
19 6
19 38
20 9
21 31
21 47
22 63
23 16
23 24
24 4
25 26
25 57
26 44
27 7
27 48
28 62
29 18
29 30
30 15
31 42
31 50
32 55
33 37
33 64
34 16
35 10
35 36
36 18
37 38
37 46
38 28
39 36
39 40
40 52
41 32
41 42
42 30
43 49
43 65
44 53
45 39
45 46
46 34
47 48
47 67
48 28
49 44
49 50
50 32
51 26
51 56
52 33
53 22
53 54
54 61
55 27
55 59
56 66
57 24
57 58
58 51
59 56
59 60
60 45
61 5
61 62
62 20
63 54
63 64
64 35
65 23
65 66
66 52
67 22
67 68
68 1
