0 39
0 47
1 59
1 68
2 16
2 40
4 30
4 51
6 22
6 33
7 21
7 26
11 13
11 19
15 10
15 16
16 23
17 25
17 66
18 64
19 46
19 62
20 8
21 15
21 29
22 54
23 41
23 57
24 38
25 36
25 44
26 31
27 53
27 55
28 48
29 22
29 32
30 52
31 9
31 32
32 30
33 34
33 67
34 18
35 6
35 56
36 24
37 17
37 63
38 60
39 2
39 40
40 43
41 28
41 65
42 12
43 44
43 50
44 26
45 7
45 46
46 14
47 1
47 48
48 4
49 24
49 50
50 58
51 18
51 52
52 42
53 45
53 54
54 37
55 28
55 56
56 36
57 49
57 58
58 3
59 35
59 60
60 34
61 11
61 62
62 20
63 38
63 64
64 61
65 42
65 66
66 20
67 27
67 68
68 5
