0 31
0 51
1 54
1 63
2 35
2 46
4 7
4 29
8 25
8 67
9 22
9 28
10 26
10 65
15 30
15 43
16 52
17 16
17 18
18 27
19 20
19 60
20 14
21 1
21 39
22 19
23 21
23 24
24 5
25 40
25 55
26 12
27 8
27 53
28 20
29 18
29 30
30 17
31 47
31 58
32 59
33 15
33 61
34 4
35 24
35 36
36 9
37 16
37 38
38 10
39 40
39 48
40 68
41 11
41 42
42 32
43 23
43 62
44 37
45 13
45 46
46 6
47 33
47 50
48 56
49 50
49 66
50 48
51 2
51 52
52 42
53 54
53 57
54 3
55 44
55 56
56 22
57 28
57 58
58 49
59 36
59 60
60 45
61 34
61 62
62 44
63 34
63 64
64 38
65 41
65 66
66 32
67 64
67 68
68 26
