0 1
0 45
2 3
2 4
3 8
3 43
4 5
4 16
5 22
5 29
7 55
7 62
9 38
9 51
15 11
15 52
16 67
17 18
17 23
18 16
19 27
19 40
20 10
21 26
21 58
22 42
23 44
23 66
24 61
25 18
25 26
26 12
27 35
27 54
28 34
29 20
29 65
30 19
31 7
31 32
32 37
33 31
33 41
34 64
35 50
35 60
36 25
37 9
37 38
38 30
39 40
39 47
40 13
41 34
41 42
42 39
43 44
43 63
44 49
45 2
45 46
46 17
47 32
47 48
48 30
49 24
49 50
50 36
51 28
51 52
52 53
53 54
53 56
54 28
55 56
55 57
56 36
57 58
57 59
58 24
59 21
59 60
60 68
61 22
61 62
62 15
63 46
63 64
64 14
65 48
65 66
66 33
67 6
67 68
68 20
