0 2
0 46
1 16
1 62
2 57
2 61
3 39
3 55
5 8
5 23
7 11
7 30
12 38
12 66
15 45
15 47
16 56
17 18
17 34
18 37
19 20
19 24
20 49
21 4
21 35
22 29
23 19
23 24
24 17
25 1
25 26
26 42
27 36
27 68
28 48
29 32
29 43
30 67
31 32
31 59
32 7
33 15
33 34
34 65
35 22
35 36
36 28
37 44
37 54
38 14
39 33
39 40
40 13
41 10
41 42
42 21
43 30
43 44
44 38
45 16
45 63
46 18
47 6
47 53
48 60
49 50
49 52
50 51
51 26
51 52
52 25
53 48
53 54
54 20
55 5
55 56
56 31
57 3
57 58
58 46
59 28
59 60
60 9
61 50
61 62
62 64
63 58
63 64
64 41
65 22
65 66
66 27
67 12
67 68
68 40
