0 2
0 65
1 19
1 30
4 5
4 6
5 18
5 41
6 8
6 44
7 51
7 62
9 29
9 46
15 12
15 61
16 28
17 4
17 37
18 31
19 17
19 39
20 11
21 9
21 36
22 60
23 24
23 45
24 33
25 22
25 67
26 48
27 22
27 28
28 13
29 43
29 58
30 64
31 21
31 32
32 30
33 16
33 34
34 16
35 32
35 36
36 25
37 18
37 38
38 56
39 20
39 66
40 23
41 27
41 55
42 10
43 14
43 44
44 63
45 3
45 46
46 24
47 7
47 53
48 20
49 26
49 52
50 34
51 15
51 57
52 50
53 48
53 54
54 40
55 42
55 56
56 50
57 52
57 59
58 35
59 58
59 60
60 42
61 38
61 62
62 68
63 47
63 64
64 54
65 1
65 66
66 40
67 26
67 68
68 49
