0 49
0 66
1 5
1 6
2 19
2 51
3 21
3 48
4 30
4 60
6 9
6 26
12 14
12 15
15 31
15 40
16 7
17 4
17 41
18 20
19 3
19 64
20 45
21 43
21 46
22 1
23 8
23 39
24 42
25 26
25 68
26 34
27 12
27 28
28 52
29 38
29 55
30 16
31 16
31 32
32 23
33 37
33 59
34 28
35 29
35 36
36 13
37 18
37 38
38 30
39 40
39 67
40 58
41 33
41 42
42 36
43 47
43 56
44 63
45 10
45 46
46 50
47 44
47 48
48 27
49 2
49 50
50 62
51 17
51 57
52 18
53 24
53 54
54 25
55 22
55 56
56 54
57 52
57 58
58 53
59 34
59 60
60 44
61 24
61 62
62 11
63 64
63 65
64 20
65 32
65 66
66 35
67 61
67 68
68 22
