0 1
0 2
1 15
1 66
2 41
2 67
4 25
4 40
5 31
5 45
8 24
8 64
10 11
10 60
15 19
15 47
16 51
17 18
17 27
18 43
19 4
19 50
20 23
21 22
21 61
22 10
23 24
23 35
24 54
25 30
25 65
26 52
27 7
27 28
28 12
29 16
29 36
30 34
31 46
31 56
32 18
33 8
33 34
34 26
35 14
35 36
36 53
37 44
37 59
38 13
39 40
39 48
40 32
41 16
41 62
42 30
43 22
43 44
44 38
45 17
45 46
46 33
47 29
47 55
48 57
49 26
49 50
50 20
51 5
51 52
52 3
53 42
53 54
54 21
55 48
55 56
56 63
57 38
57 58
58 32
59 49
59 60
60 28
61 39
61 62
62 42
63 58
63 64
64 20
65 66
65 68
66 37
67 6
67 68
68 9
