0 2
0 59
1 3
1 27
2 18
2 54
3 30
3 37
6 8
6 35
7 12
7 22
8 38
8 49
15 16
15 41
16 57
17 20
17 36
18 14
19 20
19 66
20 47
21 6
21 22
22 11
23 1
23 63
24 28
25 26
25 31
26 62
27 28
27 56
28 44
29 19
29 30
30 26
31 15
31 43
32 24
33 21
33 52
34 46
35 39
35 58
36 4
37 33
37 38
38 16
39 7
39 67
40 17
41 42
41 45
42 64
43 32
43 44
44 9
45 23
45 46
46 60
47 18
47 61
48 42
49 29
49 51
50 10
51 52
51 53
52 34
53 54
53 65
54 13
55 48
55 56
56 40
57 34
57 58
58 36
59 25
59 60
60 32
61 48
61 62
62 5
63 55
63 68
64 24
65 50
65 66
66 50
67 40
67 68
68 64
