0 25
0 48
1 24
1 43
2 9
2 10
3 28
3 36
4 39
4 50
5 13
5 30
10 12
10 33
15 1
15 17
16 8
17 18
17 61
18 65
19 3
19 32
20 4
21 7
21 38
22 20
23 53
23 67
24 20
25 15
25 51
26 27
27 19
27 42
28 18
29 30
29 63
30 57
31 32
31 60
32 22
33 11
33 64
34 66
35 29
35 36
36 54
37 26
37 49
38 31
39 5
39 47
40 44
41 24
41 42
42 28
43 37
43 52
44 62
45 21
45 46
46 38
47 40
47 55
48 2
49 46
49 50
50 35
51 26
51 52
52 44
53 56
53 59
54 16
55 48
55 56
56 16
57 34
57 58
58 54
59 58
59 60
60 22
61 23
61 62
62 6
63 40
63 68
64 34
65 45
65 66
66 14
67 41
67 68
68 64
