0 17
0 20
1 24
1 33
2 34
2 39
3 7
3 8
6 11
6 53
7 23
7 47
9 50
9 68
15 16
15 62
16 35
17 41
17 57
18 46
19 29
19 31
20 63
21 2
21 49
22 60
23 64
23 66
24 40
25 26
25 32
26 38
27 14
27 28
28 44
29 20
29 30
30 18
31 36
31 43
32 37
33 3
33 59
34 5
35 36
35 48
36 32
37 6
37 38
38 52
39 19
39 51
40 4
41 21
41 42
42 16
43 42
43 44
44 24
45 46
45 65
46 27
47 26
47 58
48 25
49 50
49 55
50 45
51 56
51 61
52 22
53 12
53 54
54 22
55 54
55 56
56 40
57 30
57 58
58 48
59 34
59 60
60 9
61 52
61 62
62 1
63 15
63 64
64 28
65 66
65 67
66 10
67 18
67 68
68 13
