0 2
0 45
2 4
2 53
3 19
3 47
4 29
4 42
6 8
6 22
7 32
7 52
12 13
12 37
15 16
15 63
16 46
17 36
17 40
18 10
19 20
19 43
20 14
21 23
21 44
22 55
23 24
23 38
24 26
25 24
25 26
26 54
27 34
27 62
28 50
29 21
29 30
30 61
31 32
31 57
32 67
33 30
33 34
34 66
35 36
35 60
36 49
37 15
37 48
38 51
39 6
39 56
40 28
41 42
41 68
42 11
43 5
43 58
44 12
45 16
45 46
46 27
47 31
47 48
48 38
49 50
49 64
50 1
51 52
51 65
52 18
53 25
53 54
54 3
55 7
55 56
56 40
57 39
57 58
58 44
59 22
59 60
60 17
61 20
61 62
62 35
63 33
63 64
64 18
65 59
65 66
66 41
67 9
67 68
68 28
