0 17
0 53
1 19
1 26
2 22
2 62
3 5
3 16
4 28
4 46
7 42
7 50
11 33
11 37
15 38
15 39
16 34
17 18
17 21
18 16
19 20
19 60
20 2
21 1
21 22
22 61
23 24
23 31
24 54
25 26
25 43
26 30
27 7
27 28
28 32
29 41
29 45
30 10
31 25
31 66
32 8
33 34
33 48
34 36
35 20
35 36
36 44
37 38
37 63
38 67
39 40
39 49
40 55
41 35
41 42
42 23
43 12
43 44
44 64
45 30
45 46
46 52
47 11
47 65
48 14
49 18
49 50
50 47
51 4
51 52
52 27
53 29
53 59
54 6
55 9
55 56
56 13
57 54
57 58
58 40
59 57
59 68
60 58
61 51
61 62
62 15
63 56
63 64
64 24
65 48
65 66
66 32
67 3
67 68
68 60
