0 1
0 45
2 41
2 61
3 6
3 43
4 15
4 52
6 9
6 19
9 11
9 24
10 35
10 65
15 30
15 49
16 54
17 20
17 57
18 7
19 20
19 42
20 40
21 22
21 66
22 50
23 24
23 59
24 62
25 16
25 51
26 60
27 8
27 28
28 14
29 39
29 47
30 27
31 18
31 63
32 28
33 36
33 58
34 48
35 36
35 37
36 34
37 34
37 38
38 46
39 40
39 55
40 22
41 3
41 42
42 17
43 5
43 44
44 13
45 29
45 46
46 4
47 2
47 56
48 64
49 25
49 50
50 26
51 26
51 52
52 23
53 18
53 54
54 32
55 30
55 56
56 48
57 10
57 58
58 21
59 31
59 60
60 53
61 38
61 62
62 67
63 32
63 64
64 16
65 44
65 66
66 68
67 33
67 68
68 12
