0 1
0 16
1 17
1 53
2 27
2 42
4 7
4 25
5 41
5 59
6 40
6 49
12 14
12 50
15 18
15 34
16 2
17 18
17 26
18 16
19 20
19 28
20 43
21 12
21 22
22 60
23 19
23 33
24 62
25 31
25 61
26 5
27 23
27 54
28 4
29 24
29 48
30 13
31 32
31 57
32 47
33 24
33 34
34 55
35 64
35 68
36 3
37 38
37 52
38 30
39 20
39 40
40 66
41 37
41 42
42 36
43 10
43 44
44 65
45 11
45 46
46 8
47 48
47 63
48 38
49 50
49 67
50 30
51 21
51 52
52 45
53 15
53 54
54 28
55 6
55 56
56 22
57 46
57 58
58 29
59 44
59 60
60 35
61 32
61 62
62 39
63 26
63 64
64 36
65 51
65 66
66 56
67 58
67 68
68 9
