0 45
0 57
1 22
1 52
2 4
2 15
3 30
3 39
4 33
4 51
6 7
6 24
11 13
11 60
15 3
15 16
16 1
17 18
17 63
18 46
19 9
19 34
20 21
21 38
21 58
22 65
23 5
23 26
24 8
25 20
25 41
26 24
27 18
27 28
28 56
29 6
29 30
30 17
31 32
31 53
32 28
33 29
33 61
34 32
35 27
35 36
36 40
37 62
37 68
38 54
39 35
39 40
40 20
41 42
41 59
42 10
43 31
43 64
44 36
45 43
45 49
46 42
47 23
47 48
48 46
49 48
49 50
50 14
51 52
51 67
52 44
53 37
53 66
54 12
55 47
55 56
56 25
57 2
57 58
58 22
59 26
59 60
60 50
61 34
61 62
62 38
63 19
63 64
64 44
65 11
65 66
66 54
67 55
67 68
68 16
