0 1
0 2
2 26
2 31
3 5
3 15
5 8
5 58
6 30
6 67
8 39
8 43
12 13
12 32
15 6
15 16
16 50
17 18
17 24
18 47
19 7
19 20
20 36
21 27
21 41
22 18
23 16
23 45
24 20
25 28
25 34
26 22
27 22
27 49
28 9
29 26
29 52
30 37
31 3
31 32
32 35
33 21
33 61
34 29
35 33
35 36
36 11
37 38
37 48
38 14
39 12
39 40
40 30
41 23
41 42
42 55
43 44
43 64
44 51
45 44
45 46
46 65
47 4
47 48
48 60
49 42
49 50
50 38
51 52
51 63
52 40
53 24
53 68
54 62
55 28
55 57
56 54
57 58
57 59
58 66
59 56
59 60
60 10
61 56
61 62
62 34
63 53
63 64
64 46
65 17
65 66
66 19
67 25
67 68
68 54
