0 1
0 19
2 4
2 44
3 9
3 10
4 6
4 43
5 7
5 26
6 22
6 25
9 37
9 38
15 28
15 40
16 17
17 31
17 42
18 55
19 41
19 47
20 3
21 22
21 61
22 52
23 35
23 49
24 20
25 26
25 34
26 23
27 28
27 63
28 13
29 20
29 46
30 51
31 18
31 68
32 14
33 18
33 34
34 16
35 33
35 36
36 29
37 15
37 66
38 32
39 24
39 48
40 53
41 2
41 42
42 30
43 21
43 44
44 24
45 50
45 60
46 30
47 36
47 48
48 40
49 50
49 57
50 65
51 12
51 52
52 11
53 16
53 54
54 62
55 27
55 56
56 59
57 39
57 67
58 56
59 60
59 64
60 32
61 5
61 62
62 8
63 54
63 64
64 45
65 46
65 66
66 38
67 58
67 68
68 58
