0 16
0 51
2 15
2 60
3 27
3 42
4 6
4 33
5 9
5 44
6 19
6 41
7 13
7 14
15 32
15 59
16 34
17 4
17 68
18 16
19 30
19 46
20 18
21 25
21 35
22 20
23 29
23 48
24 1
25 26
25 43
26 67
27 12
27 65
28 66
29 28
29 30
30 31
31 39
31 40
32 45
33 34
33 36
34 24
35 22
35 36
36 5
37 11
37 55
38 54
39 22
39 53
40 64
41 7
41 42
42 37
43 18
43 44
44 38
45 21
45 46
46 58
47 48
47 50
48 24
49 40
49 57
50 32
51 2
51 52
52 23
53 56
53 61
54 10
55 38
55 56
56 62
57 50
57 58
58 26
59 52
59 60
60 3
61 54
61 63
62 49
63 62
63 64
64 47
65 28
65 66
66 17
67 8
67 68
68 20
