0 2
0 39
1 3
1 4
2 23
2 34
4 43
4 63
5 17
5 33
7 14
7 42
10 30
10 38
15 16
15 24
16 11
17 18
17 41
18 54
19 20
19 58
20 16
21 26
21 31
22 52
23 21
23 24
24 61
25 26
25 46
26 22
27 22
27 45
28 13
29 27
29 36
30 40
31 5
31 55
32 30
33 44
33 53
34 29
35 6
35 36
36 32
37 38
37 49
38 20
39 1
39 40
40 12
41 42
41 57
42 65
43 7
43 68
44 59
45 28
45 64
46 9
47 32
47 50
48 51
49 28
49 67
50 48
51 8
51 52
52 62
53 25
53 54
54 37
55 47
55 56
56 19
57 10
57 58
58 48
59 34
59 60
60 56
61 18
61 62
62 35
63 60
63 66
64 46
65 15
65 66
66 64
67 50
67 68
68 44
