Minimum level: 3
Runtime (sec): 736.8871192500228
Support network with minimum level
57 83
83 84
25 26
26 23
87 88
88 69
71 52
52 7
65 72
72 66
24 18
18 34
76 58
58 56
55 46
46 12
10 11
35 1
1 43
31 36
36 20
81 82
81 3
82 38
3 65
3 10
38 86
86 32
85 54
54 61
48 54
61 51
45 14
77 78
78 48
32 27
70 4
29 19
19 30
30 31
79 80
80 49
49 50
49 16
50 35
16 22
6 8
8 21
8 13
75 41
75 76
41 5
84 87
51 68
68 55
67 38
21 45
21 73
73 47
27 33
33 62
43 28
28 75
74 44
44 63
56 42
62 34
66 70
34 9
60 71
42 24
17 60
59 17
53 85
53 6
64 48
37 67
37 25
69 59
40 57
22 37
47 64
63 24
39 53
2 40
2 77
15 29
15 2
0 79
0 15
23 74
23 81
20 39
