0 1
0 23
1 3
1 17
2 24
2 78
4 8
4 35
6 9
6 25
7 31
7 88
12 58
12 85
15 5
15 59
16 79
17 4
17 73
18 11
19 46
19 76
20 16
21 41
21 52
22 12
23 74
23 93
24 49
25 10
25 83
26 64
27 53
27 56
28 18
29 15
29 47
30 21
31 18
31 80
32 28
33 34
33 55
34 22
35 71
35 72
36 57
37 24
37 38
38 39
39 44
39 50
40 13
41 42
41 69
42 32
43 28
43 44
44 34
45 36
45 94
46 67
47 30
47 91
48 43
49 29
49 63
50 40
51 27
51 52
52 22
53 6
53 54
54 20
55 26
55 86
56 42
57 58
57 70
58 14
59 16
59 84
60 48
61 54
61 62
62 46
63 65
63 89
64 19
65 64
65 66
66 51
67 60
67 68
68 48
69 26
69 75
70 66
71 7
71 81
72 92
73 74
73 82
74 37
75 76
75 77
76 87
77 78
77 90
78 45
79 38
79 80
80 32
81 72
81 82
82 30
83 33
83 84
84 60
85 40
85 86
86 56
87 61
87 88
88 20
89 50
89 90
90 70
91 68
91 92
92 36
93 2
93 94
94 62
