0 43
0 75
1 34
1 55
2 16
2 33
4 6
4 50
5 9
5 21
6 32
6 47
8 22
8 83
15 2
15 71
16 87
17 65
17 68
18 74
19 4
19 72
20 81
21 22
21 36
22 42
23 24
23 51
24 3
25 26
25 46
26 56
27 19
27 28
28 7
29 25
29 85
30 73
31 66
31 84
32 80
33 34
33 53
34 62
35 18
35 36
36 41
37 38
37 70
38 1
39 26
39 40
40 93
41 58
41 78
42 14
43 44
43 69
44 24
45 46
45 48
46 52
47 45
47 48
48 79
49 8
49 50
50 76
51 52
51 77
52 11
53 27
53 94
54 5
55 35
55 88
56 60
57 32
57 91
58 82
59 56
59 60
60 18
61 57
61 92
62 28
63 49
63 64
64 54
65 37
65 66
66 61
67 17
67 68
68 31
69 15
69 70
70 39
71 72
71 89
72 20
73 38
73 74
74 63
75 30
75 76
76 54
77 78
77 86
78 42
79 67
79 80
80 29
81 44
81 82
82 23
83 13
83 84
84 12
85 40
85 86
86 10
87 88
87 90
88 59
89 16
89 90
90 20
91 58
91 92
92 62
93 30
93 94
94 64
