0 1
0 25
1 12
1 84
2 50
2 53
3 6
3 30
5 24
5 36
6 42
6 93
8 52
8 76
15 2
15 18
16 26
17 18
17 82
18 64
19 20
19 40
20 9
21 41
21 51
22 44
23 14
23 24
24 13
25 31
25 57
26 33
27 17
27 65
28 48
29 59
29 60
30 43
31 15
31 32
32 30
33 35
33 92
34 20
35 29
35 62
36 71
37 58
37 77
38 5
39 8
39 40
40 49
41 42
41 80
42 37
43 22
43 91
44 55
45 78
45 86
46 7
47 22
47 94
48 39
49 10
49 56
50 4
51 47
51 52
52 72
53 54
53 69
54 73
55 38
55 56
56 50
57 66
57 83
58 38
59 32
59 85
60 28
61 21
61 79
62 36
63 26
63 64
64 16
65 28
65 66
66 58
67 11
67 90
68 34
69 3
69 87
70 89
71 23
71 72
72 75
73 48
73 74
74 68
75 74
75 76
76 19
77 45
77 78
78 27
79 80
79 81
80 16
81 82
81 88
82 46
83 63
83 84
84 67
85 60
85 86
86 46
87 70
87 88
88 62
89 54
89 90
90 68
91 44
91 92
92 34
93 61
93 94
94 70
