0 57
0 91
1 41
1 69
2 80
2 87
3 5
3 6
5 9
5 43
6 20
6 61
12 49
12 93
15 78
15 94
16 59
17 18
17 67
18 79
19 3
19 42
20 74
21 53
21 65
22 66
23 21
23 64
24 58
25 24
25 26
26 48
27 47
27 85
28 62
29 4
29 45
30 27
31 35
31 70
32 30
33 18
33 34
34 82
35 76
35 89
36 26
37 38
37 90
38 20
39 40
39 72
40 34
41 33
41 42
42 40
43 39
43 44
44 36
45 32
45 46
46 28
47 48
47 60
48 54
49 50
49 51
50 31
51 52
51 81
52 25
53 1
53 54
54 38
55 22
55 56
56 17
57 23
57 58
58 88
59 19
59 60
60 28
61 37
61 73
62 36
63 71
63 75
64 24
65 52
65 66
66 16
67 29
67 68
68 16
69 12
69 70
70 46
71 64
71 72
72 10
73 74
73 84
74 86
75 76
75 77
76 44
77 13
77 78
78 92
79 30
79 80
80 68
81 14
81 82
82 50
83 2
83 84
84 62
85 11
85 86
86 7
87 56
87 88
88 22
89 32
89 90
90 8
91 15
91 92
92 83
93 63
93 94
94 55
