0 2
0 85
1 34
1 78
2 66
2 81
4 20
4 32
6 37
6 43
7 12
7 92
10 13
10 38
15 65
15 79
16 7
17 18
17 59
18 90
19 20
19 87
20 31
21 56
21 77
22 24
23 11
23 27
24 73
25 49
25 86
26 55
27 28
27 80
28 14
29 41
29 91
30 24
31 17
31 84
32 60
33 16
33 34
34 26
35 3
35 47
36 22
37 57
37 83
38 28
39 40
39 72
40 26
41 48
41 68
42 36
43 9
43 44
44 63
45 50
45 69
46 89
47 48
47 70
48 94
49 40
49 50
50 46
51 52
51 61
52 42
53 5
53 54
54 38
55 21
55 56
56 52
57 10
57 58
58 8
59 22
59 60
60 53
61 71
61 76
62 42
63 32
63 64
64 58
65 35
65 67
66 4
67 66
67 68
68 51
69 25
69 93
70 39
71 62
71 72
72 36
73 6
73 74
74 64
75 29
75 76
76 16
77 75
77 78
78 74
79 19
79 80
80 30
81 45
81 82
82 88
83 54
83 84
84 44
85 1
85 86
86 15
87 46
87 88
88 62
89 18
89 90
90 33
91 30
91 92
92 23
93 70
93 94
94 82
