0 2
0 88
2 4
2 23
3 41
3 55
4 33
4 56
6 27
6 94
9 13
9 21
10 12
10 34
15 40
15 71
16 5
17 18
17 80
18 14
19 20
19 32
20 35
21 22
21 51
22 16
23 3
23 76
24 17
25 19
25 93
26 30
27 28
27 83
28 18
29 30
29 45
30 47
31 86
31 87
32 42
33 39
33 62
34 52
35 7
35 38
36 8
37 38
37 43
38 66
39 29
39 67
40 6
41 84
41 89
42 11
43 44
43 72
44 28
45 46
45 49
46 31
47 16
47 48
48 50
49 15
49 60
50 36
51 57
51 82
52 70
53 46
53 81
54 22
55 56
55 64
56 78
57 58
57 85
58 48
59 60
59 79
60 75
61 26
61 62
62 34
63 64
63 65
64 10
65 53
65 66
66 36
67 40
67 74
68 54
69 70
69 91
70 92
71 61
71 72
72 26
73 42
73 77
74 68
75 69
75 76
76 24
77 74
77 78
78 63
79 73
79 80
80 58
81 68
81 82
82 44
83 84
83 90
84 9
85 52
85 86
86 32
87 54
87 88
88 1
89 59
89 90
90 24
91 50
91 92
92 25
93 37
93 94
94 20
