0 2
0 59
1 48
1 61
2 25
2 82
3 8
3 16
4 6
4 20
6 22
6 23
7 17
7 30
15 44
15 66
16 49
17 24
17 56
18 76
19 20
19 42
20 70
21 13
21 77
22 36
23 9
23 38
24 28
25 32
25 85
26 74
27 72
27 83
28 35
29 27
29 92
30 19
31 7
31 53
32 26
33 55
33 65
34 43
35 36
35 75
36 10
37 11
37 40
38 29
39 40
39 47
40 38
41 50
41 51
42 84
43 44
43 68
44 58
45 39
45 88
46 5
47 31
47 48
48 26
49 45
49 73
50 52
51 42
51 52
52 14
53 32
53 54
54 90
55 56
55 60
56 18
57 30
57 79
58 12
59 60
59 63
60 15
61 81
61 93
62 41
63 1
63 64
64 78
65 34
65 71
66 34
67 62
67 69
68 16
69 68
69 70
70 46
71 66
71 87
72 24
73 50
73 74
74 37
75 62
75 76
76 21
77 22
77 78
78 46
79 58
79 80
80 18
81 67
81 91
82 3
83 28
83 84
84 54
85 4
85 86
86 82
87 72
87 88
88 64
89 57
89 90
90 80
91 92
91 94
92 89
93 33
93 94
94 86
