0 19
0 47
1 35
1 50
2 61
2 93
3 5
3 54
5 7
5 8
8 22
8 73
10 14
10 42
15 16
15 27
16 21
17 30
17 72
18 26
19 59
19 81
20 36
21 32
21 74
22 12
23 39
23 40
24 78
25 23
25 75
26 28
27 28
27 64
28 24
29 44
29 80
30 18
31 2
31 32
32 22
33 38
33 67
34 24
35 17
35 36
36 77
37 38
37 41
38 70
39 20
39 40
40 29
41 42
41 49
42 15
43 66
43 94
44 34
45 84
45 91
46 69
47 45
47 48
48 33
49 76
49 89
50 10
51 44
51 52
52 26
53 60
53 90
54 18
55 57
55 85
56 3
57 56
57 58
58 46
59 48
59 60
60 30
61 16
61 63
62 11
63 62
63 64
64 71
65 53
65 66
66 20
67 34
67 68
68 6
69 1
69 86
70 43
71 13
71 72
72 9
73 62
73 82
74 4
75 37
75 76
76 52
77 56
77 78
78 68
79 46
79 83
80 65
81 58
81 82
82 88
83 80
83 84
84 31
85 54
85 86
86 70
87 79
87 88
88 74
89 50
89 90
90 55
91 87
91 92
92 25
93 92
93 94
94 51
