0 25
0 36
1 4
1 92
2 15
2 38
3 23
3 63
4 45
4 90
7 68
7 79
8 52
8 58
15 39
15 50
16 3
17 27
17 35
18 37
19 13
19 80
20 77
21 22
21 28
22 94
23 57
23 81
24 10
25 55
25 89
26 20
27 28
27 29
28 59
29 5
29 65
30 7
31 86
31 91
32 30
33 6
33 34
34 73
35 54
35 56
36 18
37 1
37 38
38 33
39 17
39 40
40 32
41 67
41 84
42 70
43 44
43 46
44 31
45 46
45 75
46 16
47 24
47 48
48 14
49 50
49 71
50 43
51 52
51 66
52 62
53 30
53 69
54 18
55 2
55 56
56 36
57 47
57 58
58 24
59 42
59 60
60 9
61 53
61 62
62 60
63 64
63 83
64 51
65 61
65 87
66 42
67 72
67 88
68 11
69 54
69 70
70 19
71 78
71 93
72 68
73 26
73 74
74 22
75 49
75 76
76 66
77 48
77 82
78 72
79 12
79 80
80 26
81 41
81 82
82 78
83 40
83 84
84 8
85 74
85 86
86 34
87 76
87 88
88 64
89 44
89 90
90 21
91 32
91 92
92 85
93 20
93 94
94 16
