0 1
0 65
1 49
1 53
3 5
3 70
5 66
5 91
7 17
7 19
8 30
8 52
10 11
10 12
15 50
15 79
16 33
17 10
17 18
18 56
19 9
19 32
20 18
21 20
21 46
22 27
23 29
23 48
24 22
25 4
25 28
26 20
27 35
27 60
28 64
29 24
29 30
30 55
31 28
31 71
32 34
33 8
33 34
34 74
35 72
35 82
36 7
37 38
37 39
38 24
39 41
39 59
40 2
41 36
41 42
42 16
43 44
43 47
44 21
45 46
45 68
46 22
47 48
47 62
48 84
49 3
49 81
50 16
51 37
51 52
52 63
53 25
53 54
54 23
55 56
55 67
56 90
57 13
57 58
58 36
59 60
59 73
60 57
61 62
61 87
62 6
63 54
63 85
64 26
65 77
65 83
66 42
67 38
67 68
68 43
69 40
69 70
70 45
71 78
71 86
72 61
73 74
73 92
74 94
75 64
75 76
76 93
77 66
77 78
78 72
79 51
79 80
80 69
81 50
81 89
82 31
83 44
83 84
84 76
85 75
85 86
86 32
87 58
87 88
88 26
89 82
89 90
90 40
91 15
91 92
92 80
93 14
93 94
94 88
