0 23
0 55
1 19
1 31
2 7
2 44
3 6
3 29
6 15
6 82
7 11
7 12
8 13
8 22
15 21
15 81
16 61
17 38
17 59
18 36
19 3
19 60
20 34
21 43
21 93
22 37
23 47
23 65
24 56
25 9
25 26
26 17
27 42
27 89
28 50
29 30
29 51
30 67
31 16
31 32
32 73
33 34
33 63
34 53
35 20
35 36
36 46
37 49
37 80
38 20
39 4
39 87
40 35
41 33
41 64
42 48
43 24
43 44
44 27
45 8
45 46
46 5
47 24
47 69
48 88
49 58
49 78
50 84
51 32
51 52
52 79
53 28
53 85
54 18
55 1
55 56
56 22
57 10
57 58
58 50
59 39
59 60
60 75
61 62
61 92
62 40
63 71
63 91
64 42
65 2
65 66
66 90
67 57
67 68
68 54
69 70
69 94
70 72
71 72
71 83
72 16
73 54
73 74
74 52
75 62
75 76
76 30
77 68
77 86
78 14
79 76
79 80
80 38
81 41
81 82
82 25
83 64
83 84
84 18
85 77
85 86
86 78
87 40
87 88
88 45
89 28
89 90
90 48
91 74
91 92
92 26
93 70
93 94
94 66
