0 2
0 51
2 49
2 71
4 6
4 75
5 61
5 85
6 24
6 76
7 25
7 28
8 9
8 20
15 12
15 83
16 58
17 50
17 55
18 39
19 5
19 54
20 72
21 22
21 36
22 3
23 24
23 84
24 11
25 47
25 90
26 59
27 28
27 57
28 64
29 19
29 82
30 48
31 27
31 32
32 29
33 31
33 34
34 14
35 20
35 36
36 38
37 38
37 40
38 46
39 37
39 88
40 30
41 42
41 74
42 66
43 35
43 62
44 23
45 52
45 81
46 26
47 42
47 53
48 21
49 4
49 50
50 7
51 52
51 79
52 56
53 48
53 54
54 43
55 18
55 56
56 68
57 58
57 63
58 17
59 13
59 60
60 22
61 16
61 62
62 44
63 16
63 64
64 91
65 73
65 86
66 26
67 78
67 87
68 65
69 70
69 92
70 44
71 45
71 72
72 67
73 77
73 94
74 93
75 32
75 76
76 15
77 74
77 78
78 80
79 1
79 80
80 10
81 69
81 82
82 30
83 33
83 84
84 8
85 86
85 89
86 66
87 68
87 88
88 40
89 70
89 90
90 34
91 41
91 92
92 60
93 18
93 94
94 46
