0 37
0 39
1 65
1 73
2 15
2 22
5 63
5 76
6 13
6 20
7 9
7 69
8 11
8 68
15 38
15 42
16 66
17 29
17 55
18 88
19 17
19 45
20 14
21 6
21 56
22 31
23 25
23 35
24 72
25 26
25 71
26 10
27 20
27 28
28 3
29 59
29 89
30 50
31 4
31 82
32 27
33 8
33 57
34 49
35 5
35 36
36 78
37 44
37 53
38 28
39 41
39 47
40 30
41 2
41 85
42 87
43 44
43 70
44 60
45 24
45 64
46 62
47 40
47 48
48 52
49 46
49 61
50 26
51 16
51 58
52 18
53 1
53 54
54 52
55 18
55 90
56 43
57 79
57 80
58 54
59 51
59 83
60 93
61 50
61 94
62 30
63 7
63 64
64 75
65 48
65 84
66 33
67 68
67 86
68 12
69 34
69 70
70 22
71 24
71 72
72 36
73 23
73 77
74 16
75 46
75 76
76 91
77 74
77 92
78 67
79 58
79 80
80 34
81 74
81 82
82 32
83 60
83 84
84 66
85 42
85 86
86 32
87 19
87 88
88 21
89 40
89 90
90 56
91 81
91 92
92 78
93 38
93 94
94 62
