0 1
0 21
1 48
1 56
2 15
2 26
4 54
4 79
5 66
5 74
6 16
6 84
9 69
9 75
15 25
15 29
16 8
17 35
17 93
18 22
19 13
19 20
20 34
21 22
21 53
22 61
23 50
23 80
24 71
25 3
25 30
26 4
27 28
27 39
28 16
29 37
29 70
30 77
31 9
31 45
32 20
33 12
33 34
34 86
35 46
35 89
36 18
37 38
37 87
38 72
39 40
39 44
40 64
41 19
41 42
42 57
43 36
43 59
44 24
45 46
45 58
46 43
47 27
47 81
48 78
49 50
49 63
50 11
51 5
51 52
52 94
53 2
53 54
54 51
55 42
55 56
56 88
57 33
57 58
58 32
59 44
59 60
60 82
61 6
61 62
62 14
63 64
63 65
64 67
65 30
65 66
66 31
67 55
67 68
68 28
69 40
69 70
70 17
71 10
71 72
72 68
73 38
73 74
74 32
75 23
75 90
76 62
77 26
77 78
78 83
79 18
79 80
80 47
81 48
81 82
82 73
83 76
83 91
84 7
85 49
85 92
86 24
87 85
87 88
88 52
89 60
89 90
90 76
91 84
91 92
92 86
93 36
93 94
94 41
