0 1
0 75
1 9
1 10
2 19
2 72
3 17
3 55
6 38
6 54
9 41
9 51
10 31
10 86
15 16
15 60
16 3
17 33
17 56
18 78
19 71
19 73
20 67
21 47
21 53
22 74
23 14
23 61
24 13
25 27
25 70
26 87
27 28
27 29
28 32
29 30
29 82
30 89
31 57
31 91
32 6
33 34
33 50
34 22
35 15
35 42
36 23
37 11
37 84
38 88
39 40
39 93
40 20
41 24
41 81
42 45
43 36
43 44
44 58
45 46
45 85
46 22
47 48
47 65
48 43
49 42
49 50
50 52
51 18
51 52
52 21
53 18
53 69
54 39
55 56
55 59
56 80
57 32
57 58
58 37
59 62
59 79
60 68
61 24
61 62
62 63
63 5
63 76
64 40
65 66
65 92
66 44
67 66
67 94
68 26
69 54
69 70
70 34
71 30
71 72
72 16
73 4
73 74
74 28
75 2
75 76
76 83
77 49
77 78
78 48
79 60
79 80
80 46
81 77
81 82
82 26
83 64
83 84
84 38
85 36
85 86
86 64
87 12
87 88
88 8
89 20
89 90
90 7
91 35
91 92
92 25
93 90
93 94
94 68
