0 2
0 81
1 15
1 17
2 21
2 77
3 5
3 6
7 63
7 90
8 43
8 66
11 24
11 40
15 61
15 82
16 73
17 45
17 83
18 13
19 20
19 37
20 62
21 74
21 85
22 14
23 24
23 30
24 38
25 9
25 26
26 4
27 10
27 54
28 64
29 30
29 42
30 33
31 47
31 92
32 57
33 34
33 58
34 12
35 19
35 72
36 29
37 38
37 41
38 44
39 40
39 48
40 59
41 23
41 42
42 39
43 49
43 60
44 51
45 35
45 46
46 36
47 48
47 84
48 50
49 79
49 89
50 76
51 87
51 91
52 27
53 32
53 54
54 28
55 11
55 70
56 52
57 7
57 88
58 18
59 60
59 80
60 68
61 16
61 62
62 65
63 52
63 64
64 22
65 66
65 86
66 31
67 32
67 68
68 44
69 50
69 70
70 56
71 16
71 72
72 36
73 34
73 74
74 28
75 26
75 76
76 67
77 8
77 78
78 46
79 69
79 80
80 22
81 1
81 82
82 75
83 3
83 84
84 55
85 20
85 86
86 78
87 18
87 88
88 58
89 71
89 90
90 94
91 56
91 92
92 93
93 53
93 94
94 25
