Minimum level: 1
Runtime (sec): 0.008612415986135602
Support network with minimum level
26 24
24 56
4 25
25 46
32 33
33 16
49 71
49 10
71 50
31 14
54 32
50 72
72 38
37 17
17 1
55 21
55 62
21 65
21 52
62 56
61 12
38 26
46 31
45 44
44 57
16 11
63 64
64 45
43 7
7 61
7 63
70 8
65 53
52 70
51 30
30 48
27 6
6 55
42 34
34 18
1 3
58 69
69 22
5 29
29 9
29 51
18 66
36 68
68 23
67 54
15 4
2 5
2 20
20 27
19 2
41 28
28 36
57 42
56 58
59 37
59 60
60 47
53 67
22 40
47 15
48 41
40 13
39 49
23 43
35 19
0 59
0 35
66 39
