Minimum level: 1
Runtime (sec): 0.03921020799316466
Support network with minimum level
23 6
23 24
6 7
6 57
24 71
73 74
74 43
0 2
2 29
2 27
43 1
18 65
65 13
29 33
33 3
58 34
34 30
50 22
22 66
71 72
72 45
41 72
59 42
42 60
60 61
36 47
47 31
66 48
48 78
31 75
31 77
52 20
20 44
1 62
62 67
61 36
35 41
68 38
38 58
51 53
53 52
70 18
69 35
49 70
28 50
17 23
77 32
32 51
78 8
76 64
64 37
45 63
63 46
75 76
75 9
4 5
4 17
5 59
5 10
26 11
7 69
46 16
37 21
37 68
21 14
21 25
67 56
56 19
55 73
39 4
57 40
40 55
19 15
15 26
16 54
54 49
27 39
44 30
30 12
25 28
