Minimum level: 3
Runtime (sec): 0.0457686249865219
Support network with minimum level
63 21
63 64
21 35
21 54
64 57
37 41
41 42
33 67
33 8
67 68
70 22
22 14
44 22
26 60
60 5
59 6
6 7
6 27
30 58
58 11
57 62
62 18
61 33
7 45
7 38
27 61
27 40
55 53
53 32
2 56
56 37
47 48
48 36
68 46
40 34
34 28
15 25
15 3
25 55
39 29
29 65
42 24
24 17
49 50
50 26
4 16
16 59
0 43
0 19
43 2
19 1
69 9
69 70
11 66
66 31
65 30
17 47
45 52
38 49
23 4
46 39
52 12
51 69
35 20
54 44
32 26
31 13
1 63
1 23
20 15
36 28
28 51
18 10
