Minimum level: 6
Runtime (sec): 17.686196083028335
Support network with minimum level
65 107
107 108
100 28
28 64
37 67
67 70
96 60
60 50
57 103
103 13
108 58
24 66
66 43
0 25
0 51
25 105
25 31
51 55
15 97
15 86
97 49
97 98
86 23
85 52
52 100
55 83
55 2
1 69
1 4
69 3
4 80
22 38
38 18
71 72
72 24
21 72
79 42
42 54
80 7
19 20
20 27
54 22
18 5
58 16
16 26
27 16
94 68
68 81
26 8
73 26
61 74
74 62
36 32
32 85
90 64
64 78
3 63
3 29
70 9
93 94
45 30
30 47
99 46
46 15
91 17
17 77
87 92
92 34
2 88
2 61
88 45
23 91
83 89
89 56
95 84
84 48
59 96
59 1
31 59
35 36
75 76
75 93
76 19
49 37
98 79
41 65
104 82
82 62
81 41
106 6
29 35
56 75
63 90
63 87
47 33
47 95
50 71
8 53
8 11
53 104
53 12
62 54
33 99
10 14
10 57
34 40
43 106
48 58
101 21
39 102
102 10
40 101
105 73
78 39
77 44
44 48
