Minimum level: 1
Runtime (sec): 61.318900916026905
Support network with minimum level
32 18
18 47
0 2
2 4
28 42
42 32
41 26
26 8
6 24
24 7
23 67
67 68
67 49
16 44
44 64
43 63
63 29
3 45
45 73
71 72
72 12
60 16
36 13
62 41
56 28
35 36
49 50
50 59
57 58
58 69
4 5
5 22
5 10
74 66
66 56
65 40
40 70
30 40
61 65
25 62
33 20
20 43
10 34
10 31
34 53
31 17
21 3
22 9
69 30
70 27
29 60
59 25
53 57
15 71
15 21
17 51
51 52
51 39
54 38
38 23
55 14
73 74
47 48
48 11
68 1
27 46
46 6
37 54
37 33
52 19
39 35
39 61
19 15
19 37
64 55
