0 1
0 2
2 3
2 49
3 25
3 74
5 16
5 19
6 32
6 50
8 15
8 40
10 11
10 17
15 13
15 41
16 60
17 12
17 22
18 58
19 24
19 30
20 52
21 42
21 45
22 66
23 18
23 26
24 20
25 29
25 53
26 24
27 43
27 54
28 76
29 27
29 85
30 9
31 32
31 35
32 21
33 26
33 34
34 75
35 4
35 36
36 57
37 71
37 80
38 18
39 7
39 48
40 14
41 64
41 67
42 22
43 46
43 55
44 20
45 36
45 46
46 77
47 79
47 86
48 40
49 31
49 50
50 63
51 52
51 62
52 81
53 5
53 54
54 61
55 65
55 72
56 42
57 23
57 58
58 39
59 6
59 60
60 68
61 51
61 62
62 37
63 28
63 84
64 16
65 56
65 66
66 38
67 68
67 69
68 10
69 70
69 82
70 64
71 34
71 72
72 73
73 44
73 74
74 59
75 76
75 78
76 44
77 33
77 78
78 28
79 30
79 80
80 38
81 8
81 82
82 56
83 48
83 84
84 70
85 47
85 86
86 83
