0 2
0 73
1 21
1 39
2 28
2 48
3 29
3 51
4 10
4 84
8 42
8 82
11 13
11 45
15 7
15 16
16 86
17 3
17 27
18 81
19 20
19 49
20 60
21 37
21 79
22 66
23 40
23 54
24 32
25 59
25 70
26 78
27 18
27 41
28 6
29 61
29 67
30 83
31 32
31 65
32 8
33 31
33 34
34 20
35 69
35 85
36 5
37 38
37 47
38 55
39 17
39 64
40 9
41 28
41 62
42 12
43 46
43 75
44 16
45 19
45 50
46 44
47 71
47 72
48 22
49 50
49 52
50 76
51 52
51 74
52 14
53 54
53 58
54 24
55 35
55 56
56 26
57 24
57 58
58 18
59 30
59 60
60 15
61 57
61 62
62 42
63 23
63 64
64 40
65 56
65 68
66 53
67 30
67 68
68 66
69 22
69 70
70 26
71 25
71 72
72 48
73 1
73 74
74 80
75 11
75 76
76 46
77 4
77 78
78 63
79 38
79 80
80 34
81 44
81 82
82 43
83 77
83 84
84 33
85 36
85 86
86 36
