0 1
0 2
1 15
1 44
2 23
2 65
3 62
3 85
5 7
5 51
6 43
6 50
9 11
9 81
15 24
15 31
16 35
17 5
17 46
18 84
19 76
19 79
20 18
21 22
21 52
22 32
23 17
23 71
24 49
25 13
25 39
26 34
27 28
27 57
28 68
29 14
29 30
30 26
31 37
31 41
32 47
33 12
33 34
34 78
35 36
35 40
36 32
37 36
37 54
38 19
39 26
39 60
40 72
41 3
41 42
42 45
43 74
43 82
44 28
45 16
45 46
46 55
47 6
47 48
48 30
49 21
49 50
50 61
51 16
51 52
52 73
53 29
53 86
54 38
55 18
55 56
56 20
57 25
57 58
58 67
59 27
59 80
60 40
61 10
61 70
62 53
63 22
63 75
64 66
65 63
65 66
66 24
67 9
67 68
68 20
69 64
69 70
70 62
71 64
71 72
72 48
73 42
73 77
74 58
75 69
75 76
76 33
77 74
77 78
78 8
79 56
79 80
80 60
81 38
81 83
82 44
83 82
83 84
84 4
85 59
85 86
86 54
