0 1
0 59
1 46
1 63
2 17
2 38
3 18
3 29
5 20
5 81
7 25
7 86
8 21
8 48
15 22
15 66
16 44
17 33
17 67
18 15
19 16
19 77
20 50
21 22
21 43
22 53
23 24
23 26
24 56
25 52
25 62
26 14
27 16
27 58
28 54
29 8
29 32
30 24
31 32
31 42
32 35
33 18
33 34
34 37
35 30
35 36
36 49
37 38
37 60
38 72
39 27
39 78
40 12
41 13
41 64
42 65
43 70
43 73
44 84
45 46
45 74
46 4
47 3
47 48
48 31
49 50
49 69
50 80
51 28
51 85
52 57
53 36
53 83
54 9
55 11
55 56
56 19
57 34
57 58
58 28
59 2
59 60
60 68
61 40
61 62
62 26
63 47
63 64
64 42
65 55
65 66
66 30
67 45
67 68
68 41
69 7
69 70
70 79
71 72
71 76
72 39
73 44
73 74
74 5
75 71
75 76
76 20
77 75
77 78
78 82
79 40
79 80
80 10
81 51
81 82
82 61
83 54
83 84
84 6
85 52
85 86
86 23
