0 2
0 50
2 4
2 21
3 22
3 32
5 19
5 82
6 51
6 57
9 12
9 37
12 39
12 62
15 33
15 59
16 54
17 76
17 79
18 6
19 43
19 58
20 48
21 25
21 73
22 34
23 56
23 83
24 18
25 42
25 60
26 29
27 31
27 41
28 23
29 35
29 45
30 24
31 32
31 71
32 16
33 26
33 34
34 36
35 55
35 69
36 38
37 44
37 70
38 18
39 14
39 40
40 20
41 28
41 77
42 22
43 46
43 85
44 49
45 46
45 75
46 17
47 63
47 64
48 13
49 38
49 52
50 1
51 7
51 72
52 50
53 54
53 66
54 5
55 36
55 56
56 24
57 8
57 58
58 61
59 28
59 60
60 27
61 20
61 62
62 40
63 53
63 65
64 48
65 64
65 67
66 16
67 66
67 80
68 9
69 3
69 70
70 11
71 26
71 72
72 52
73 15
73 74
74 10
75 76
75 81
76 30
77 42
77 78
78 47
79 68
79 80
80 86
81 30
81 82
82 74
83 78
83 84
84 44
85 84
85 86
86 68
