0 23
0 25
1 27
1 73
2 69
2 70
4 8
4 58
6 32
6 42
9 12
9 74
11 36
11 48
15 57
15 67
16 5
17 3
17 18
18 4
19 9
19 20
20 81
21 34
21 52
22 45
23 37
23 51
24 1
25 24
25 30
26 44
27 15
27 39
28 80
29 11
29 64
30 26
31 16
31 33
32 53
33 32
33 77
34 63
35 10
35 36
36 13
37 24
37 75
38 72
39 28
39 40
40 78
41 18
41 42
42 22
43 30
43 59
44 82
45 35
45 71
46 55
47 21
47 62
48 86
49 38
49 50
50 16
51 2
51 61
52 22
53 46
53 54
54 56
55 19
55 66
56 17
57 20
57 58
58 7
59 76
59 85
60 14
61 62
61 68
62 48
63 41
63 64
64 40
65 29
65 66
66 56
67 31
67 68
68 52
69 6
69 79
70 50
71 46
71 72
72 54
73 28
73 74
74 65
75 38
75 76
76 60
77 34
77 84
78 43
79 70
79 80
80 83
81 26
81 82
82 49
83 47
83 84
84 78
85 44
85 86
86 60
