0 1
0 76
1 49
1 75
2 48
2 64
3 25
3 50
6 8
6 61
7 58
7 65
8 47
8 63
15 16
15 78
16 37
17 39
17 46
18 34
19 12
19 69
20 44
21 38
21 72
22 19
23 26
23 60
24 13
25 32
25 40
26 68
27 11
27 35
28 80
29 20
29 86
30 83
31 10
31 33
32 36
33 32
33 34
34 24
35 28
35 43
36 26
37 14
37 38
38 42
39 40
39 77
40 6
41 21
41 70
42 82
43 36
43 71
44 55
45 31
45 56
46 52
47 23
47 79
48 29
49 17
49 50
50 5
51 44
51 66
52 28
53 22
53 54
54 57
55 45
55 67
56 46
57 51
57 58
58 18
59 60
59 81
60 73
61 30
61 62
62 22
63 15
63 74
64 9
65 16
65 66
66 59
67 56
67 68
68 24
69 20
69 70
70 42
71 54
71 72
72 84
73 62
73 74
74 64
75 3
75 76
76 85
77 41
77 78
78 27
79 48
79 80
80 4
81 52
81 82
82 18
83 7
83 84
84 53
85 2
85 86
86 30
