0 26
0 29
1 15
1 71
2 3
2 70
3 19
3 60
4 58
4 82
6 16
6 28
7 44
7 76
15 16
15 63
16 52
17 11
17 25
18 8
19 33
19 78
20 6
21 22
21 69
22 37
23 49
23 79
24 18
25 24
25 26
26 2
27 17
27 38
28 67
29 23
29 77
30 56
31 40
31 84
32 14
33 54
33 66
34 32
35 24
35 75
36 32
37 4
37 38
38 28
39 53
39 80
40 36
41 1
41 55
42 46
43 21
43 44
44 48
45 30
45 81
46 10
47 42
47 64
48 39
49 35
49 50
50 47
51 52
51 61
52 9
53 40
53 68
54 13
55 56
55 74
56 31
57 45
57 58
58 20
59 12
59 60
60 34
61 46
61 62
62 73
63 7
63 64
64 48
65 54
65 66
66 85
67 42
67 83
68 65
69 62
69 70
70 22
71 30
71 72
72 20
73 41
73 74
74 50
75 36
75 76
76 59
77 57
77 78
78 72
79 43
79 80
80 27
81 51
81 82
82 86
83 68
83 84
84 18
85 34
85 86
86 5
