0 25
0 55
1 3
1 71
2 33
2 82
3 15
3 53
4 43
4 70
7 13
7 83
9 17
9 49
15 52
15 86
16 7
17 44
17 67
18 56
19 35
19 41
20 2
21 16
21 22
22 79
23 37
23 38
24 42
25 20
25 63
26 65
27 28
27 46
28 64
29 9
29 61
30 6
31 26
31 32
32 36
33 54
33 60
34 28
35 20
35 36
36 24
37 24
37 38
38 8
39 21
39 40
40 34
41 11
41 42
42 5
43 47
43 48
44 27
45 29
45 84
46 18
47 74
47 77
48 85
49 19
49 58
50 69
51 50
51 52
52 22
53 30
53 54
54 39
55 26
55 56
56 23
57 18
57 58
58 62
59 72
59 76
60 34
61 62
61 68
62 50
63 31
63 64
64 12
65 66
65 73
66 16
67 51
67 81
68 80
69 40
69 70
70 10
71 4
71 72
72 75
73 1
73 78
74 45
75 60
75 76
76 32
77 48
77 78
78 74
79 59
79 80
80 30
81 68
81 82
82 57
83 14
83 84
84 46
85 44
85 86
86 66
