0 2
0 41
1 16
1 42
2 15
2 49
4 26
4 67
5 46
5 73
6 19
6 47
7 34
7 70
15 16
15 43
16 25
17 32
17 56
18 12
19 30
19 77
20 59
21 20
21 22
22 50
23 31
23 33
24 18
25 17
25 68
26 10
27 7
27 28
28 24
29 21
29 30
30 51
31 32
31 36
32 65
33 34
33 83
34 60
35 28
35 48
36 22
37 5
37 38
38 57
39 36
39 40
40 24
41 1
41 81
42 37
43 44
43 55
44 86
45 61
45 78
46 8
47 14
47 71
48 39
49 4
49 50
50 20
51 23
51 80
52 40
53 54
53 75
54 11
55 45
55 85
56 38
57 6
57 58
58 27
59 58
59 64
60 54
61 3
61 62
62 60
63 52
63 64
64 84
65 18
65 72
66 53
67 9
67 68
68 26
69 52
69 70
70 63
71 72
71 74
72 66
73 74
73 79
74 48
75 69
75 76
76 46
77 13
77 78
78 76
79 44
79 80
80 66
81 42
81 82
82 56
83 35
83 84
84 62
85 82
85 86
86 29
