0 37
0 45
1 31
1 69
4 29
4 74
5 21
5 86
6 10
6 44
8 75
8 76
9 11
9 18
15 9
15 68
16 22
17 23
17 58
18 12
19 26
19 27
20 49
21 30
21 62
22 84
23 46
23 59
24 78
25 32
25 34
26 4
27 25
27 50
28 42
29 5
29 30
30 43
31 3
31 60
32 26
33 41
33 65
34 20
35 40
35 55
36 48
37 1
37 67
38 28
39 33
39 40
40 36
41 34
41 42
42 52
43 44
43 72
44 71
45 2
45 66
46 56
47 16
47 48
48 22
49 38
49 50
50 28
51 19
51 52
52 15
53 14
53 54
54 38
55 6
55 56
56 79
57 54
57 58
58 51
59 18
59 60
60 32
61 47
61 62
62 36
63 61
63 64
64 16
65 66
65 82
66 77
67 68
67 73
68 81
69 70
69 85
70 13
71 20
71 72
72 8
73 57
73 74
74 35
75 24
75 76
76 83
77 46
77 78
78 53
79 24
79 80
80 7
81 63
81 82
82 70
83 39
83 84
84 80
85 17
85 86
86 64
