0 1
0 68
1 5
1 6
2 26
2 50
4 17
4 33
5 19
5 25
6 31
6 84
7 34
7 73
15 20
15 56
16 12
17 21
17 47
18 22
19 20
19 57
20 82
21 48
21 55
22 16
23 71
23 81
24 51
25 38
25 78
26 41
27 24
27 66
28 46
29 2
29 69
30 28
31 32
31 54
32 62
33 16
33 34
34 64
35 30
35 39
36 30
37 38
37 67
38 7
39 40
39 42
40 28
41 27
41 43
42 36
43 42
43 44
44 13
45 26
45 46
46 85
47 18
47 77
48 60
49 65
49 72
50 4
51 3
51 63
52 14
53 8
53 54
54 49
55 11
55 56
56 61
57 53
57 58
58 23
59 29
59 60
60 40
61 62
61 86
62 52
63 52
63 64
64 44
65 66
65 79
66 74
67 9
67 68
68 15
69 35
69 76
70 24
71 70
71 72
72 83
73 74
73 80
74 36
75 32
75 76
76 70
77 48
77 78
78 45
79 37
79 80
80 58
81 75
81 82
82 59
83 50
83 84
84 10
85 22
85 86
86 18
