0 1
0 79
1 20
1 23
2 7
2 33
3 5
3 81
4 36
4 58
7 22
7 55
8 27
8 57
15 17
15 48
16 66
17 21
17 32
18 30
19 50
19 51
20 28
21 12
21 22
22 69
23 59
23 67
24 44
25 26
25 46
26 31
27 28
27 61
28 29
29 3
29 30
30 42
31 74
31 84
32 62
33 40
33 56
34 53
35 6
35 85
36 38
37 52
37 54
38 64
39 2
39 40
40 70
41 18
41 42
42 76
43 16
43 44
44 41
45 46
45 65
46 11
47 36
47 48
48 72
49 50
49 78
50 16
51 20
51 63
52 45
53 24
53 54
54 24
55 14
55 56
56 71
57 19
57 80
58 49
59 60
59 77
60 39
61 62
61 73
62 18
63 52
63 64
64 10
65 38
65 66
66 82
67 26
67 68
68 8
69 13
69 70
70 83
71 68
71 72
72 43
73 15
73 74
74 75
75 76
75 86
76 9
77 4
77 78
78 37
79 60
79 80
80 58
81 35
81 82
82 25
83 34
83 84
84 34
85 47
85 86
86 32
