0 15
0 17
1 3
1 33
2 39
2 70
3 35
3 46
4 21
4 23
7 11
7 12
9 29
9 30
15 1
15 38
16 49
17 19
17 71
18 4
19 18
19 37
20 50
21 6
21 74
22 34
23 24
23 84
24 72
25 69
25 79
26 45
27 7
27 85
28 44
29 13
29 30
30 59
31 25
31 64
32 20
33 41
33 65
34 86
35 73
35 77
36 48
37 38
37 52
38 16
39 40
39 43
40 60
41 31
41 42
42 24
43 44
43 58
44 26
45 22
45 46
46 63
47 36
47 48
48 40
49 50
49 75
50 80
51 18
51 55
52 57
53 62
53 83
54 10
55 52
55 56
56 27
57 20
57 58
58 32
59 47
59 60
60 14
61 28
61 67
62 81
63 16
63 64
64 32
65 34
65 66
66 2
67 62
67 76
68 78
69 51
69 70
70 68
71 42
71 72
72 66
73 36
73 74
74 22
75 8
75 82
76 68
77 56
77 78
78 9
79 53
79 80
80 54
81 26
81 82
82 76
83 54
83 84
84 28
85 61
85 86
86 5
