0 1
0 19
2 4
2 62
3 15
3 34
4 5
4 27
6 7
6 30
7 9
7 76
9 42
9 83
15 16
15 18
16 11
17 12
17 44
18 29
19 21
19 48
20 3
21 51
21 55
22 25
23 24
23 69
24 52
25 33
25 46
26 14
27 61
27 68
28 10
29 30
29 66
30 58
31 49
31 60
32 43
33 26
33 40
34 26
35 31
35 65
36 45
37 32
37 38
38 41
39 72
39 86
40 34
41 22
41 63
42 70
43 2
43 44
44 24
45 22
45 46
46 23
47 75
47 81
48 71
49 32
49 50
50 82
51 47
51 52
52 18
53 13
53 54
54 42
55 56
55 59
56 37
57 77
57 78
58 8
59 57
59 60
60 85
61 6
61 62
62 38
63 54
63 64
64 53
65 36
65 67
66 64
67 66
67 68
68 28
69 20
69 70
70 80
71 56
71 72
72 74
73 74
73 79
74 84
75 48
75 76
76 39
77 36
77 78
78 58
79 35
79 80
80 16
81 73
81 82
82 17
83 50
83 84
84 28
85 20
85 86
86 40
