Minimum level: 10
Runtime (sec): 23.817191374953836
Support network with minimum level
2 27
2 57
27 4
57 3
79 81
79 108
81 80
108 86
107 96
96 20
85 91
91 92
0 1
0 2
6 15
6 26
15 23
15 43
26 106
25 13
18 36
36 30
35 68
68 99
87 88
88 64
53 55
55 18
65 63
65 66
63 20
66 38
41 110
110 100
109 5
5 83
5 37
84 9
67 71
67 6
71 103
71 93
104 84
83 29
29 77
29 51
21 8
21 22
22 60
61 62
62 16
111 112
112 70
69 44
44 105
43 35
3 40
77 78
78 89
30 72
56 34
34 25
102 34
98 54
54 31
97 54
64 98
7 61
7 85
72 79
103 72
86 104
32 70
70 52
52 24
51 45
45 19
95 111
95 107
93 87
93 94
94 95
37 41
24 7
40 50
39 47
47 17
49 39
75 76
76 50
38 11
100 42
42 90
4 67
4 69
80 46
46 48
50 46
19 65
92 80
99 53
101 59
59 102
60 82
90 28
28 74
105 109
106 97
82 58
89 90
58 12
16 14
73 16
74 101
31 10
31 32
33 56
17 75
48 21
20 49
23 73
23 33
