Minimum level: 1
Runtime (sec): 38.55943337501958
Support network with minimum level
43 67
67 68
57 44
44 20
53 58
58 24
61 62
62 54
60 46
46 19
37 51
51 52
45 38
38 18
54 60
24 30
23 70
70 57
69 22
22 64
5 66
66 9
65 63
63 34
4 5
4 41
41 42
41 6
21 35
21 59
35 7
35 36
59 32
18 73
12 13
8 27
27 29
27 47
52 53
30 72
32 40
31 16
16 74
72 16
55 49
49 17
47 56
56 33
73 48
48 14
74 11
33 23
34 43
64 10
25 39
39 40
42 50
1 21
1 55
19 65
19 2
2 4
17 71
17 45
50 28
40 69
71 26
26 8
29 37
28 31
20 12
68 3
36 25
15 1
0 61
0 15
