Minimum level: 2
Runtime (sec): 74.24887758301338
Support network with minimum level
6 11
21 22
22 71
67 68
68 55
19 52
19 33
52 8
33 39
33 79
37 29
29 25
63 64
63 77
64 59
77 78
0 1
0 2
1 37
1 5
2 65
71 72
76 60
60 74
72 13
43 44
44 23
35 44
16 36
36 30
54 40
40 38
59 76
75 17
17 43
17 47
56 54
39 20
20 3
65 4
32 16
15 80
80 21
79 62
62 34
61 28
28 57
27 28
58 42
42 75
53 73
73 67
55 56
55 48
48 34
47 18
18 15
23 18
34 24
24 26
25 38
30 12
26 70
38 6
45 51
51 19
51 53
5 46
5 45
46 41
70 50
50 10
49 58
78 66
31 69
69 7
66 32
74 32
41 49
41 31
7 35
7 9
57 14
57 63
9 61
9 27
