Minimum level: 3
Runtime (sec): 0.4493071660399437
Support network with minimum level
23 71
23 51
71 74
51 24
0 39
0 2
39 87
2 4
81 83
83 84
21 58
58 22
73 38
38 17
74 36
85 72
85 86
72 77
86 16
77 78
78 43
4 65
65 5
63 75
63 64
75 54
64 13
12 14
36 52
79 80
80 33
57 81
87 57
87 88
19 40
40 20
84 68
35 82
82 79
41 42
41 25
42 67
25 15
25 27
18 62
62 50
61 20
20 45
88 68
67 85
50 48
48 30
47 29
29 11
52 59
59 47
30 12
54 50
44 31
31 3
68 69
69 60
43 55
55 56
24 32
26 6
60 22
32 70
70 61
37 73
45 46
46 7
16 76
56 34
53 44
76 21
33 28
15 35
15 9
27 28
28 1
1 23
1 19
5 41
5 10
34 66
66 53
3 8
3 49
49 37
49 63
17 26
22 18
