Minimum level: 4
Runtime (sec): 186.70914200000698
Support network with minimum level
53 61
61 92
61 63
84 54
54 79
28 38
38 56
37 38
70 28
23 47
47 76
4 24
24 10
72 30
30 88
52 8
88 9
87 89
89 90
0 29
0 2
29 57
29 72
2 81
2 82
81 64
82 86
64 90
63 44
44 78
43 52
51 91
91 40
75 87
75 68
68 60
67 65
65 95
65 66
85 37
86 20
45 53
45 49
49 80
69 15
69 93
15 39
15 58
93 94
16 70
94 84
83 94
79 36
36 73
80 50
21 46
46 71
96 22
22 48
19 69
20 51
39 31
31 16
31 97
40 6
92 62
10 17
17 41
41 96
97 98
97 32
98 50
32 55
25 35
35 7
35 83
48 18
95 48
5 42
42 60
18 34
90 21
76 67
73 4
33 12
34 14
62 26
74 62
26 11
60 13
77 27
27 74
27 85
78 26
58 1
59 75
57 19
57 59
71 5
66 3
3 43
3 25
55 45
50 77
1 23
56 33
