Minimum level: 4
Runtime (sec): 1.375609542010352
Support network with minimum level
20 38
38 12
37 8
50 22
22 54
44 22
1 31
1 41
31 30
31 84
41 83
69 2
2 85
2 6
57 70
70 58
30 92
84 32
83 25
25 3
88 44
43 86
86 94
85 5
5 47
5 97
21 95
21 36
95 96
95 88
36 7
35 39
39 4
28 80
80 18
79 76
76 54
75 49
49 45
6 99
6 11
99 100
11 15
11 91
61 77
77 21
15 62
62 13
53 26
53 79
26 27
72 98
98 20
97 16
16 50
66 16
17 23
23 89
23 65
18 14
29 17
96 57
87 24
24 32
89 90
90 40
78 9
42 68
68 28
81 82
82 74
73 64
64 56
55 19
19 87
19 71
40 43
67 81
67 55
45 63
48 78
63 73
91 42
92 52
27 66
94 60
60 56
59 53
0 67
0 46
46 1
65 10
32 69
71 33
33 75
33 34
56 72
34 29
3 48
47 61
100 94
93 37
58 59
51 52
52 35
74 51
54 93
