0 27
0 48
1 15
1 70
2 9
2 50
3 7
3 23
4 6
4 19
5 65
5 80
12 13
12 36
15 17
15 78
16 76
17 4
17 18
18 16
19 32
19 63
20 66
21 22
21 77
22 67
23 28
23 42
24 20
25 30
25 37
26 46
27 1
27 33
28 72
29 49
29 74
30 38
31 24
31 71
32 5
33 58
33 69
34 26
35 34
35 36
36 14
37 53
37 60
38 34
39 40
39 41
40 55
41 24
41 51
42 25
43 44
43 62
44 54
45 28
45 46
46 8
47 40
47 48
48 2
49 50
49 59
50 56
51 61
51 73
52 10
53 31
53 54
54 18
55 22
55 56
56 43
57 58
57 68
58 35
59 30
59 60
60 38
61 62
61 75
62 20
63 21
63 64
64 26
65 47
65 66
66 52
67 11
67 68
68 12
69 45
69 70
70 3
71 32
71 72
72 64
73 52
73 74
74 79
75 42
75 76
76 57
77 39
77 78
78 29
79 16
79 80
80 44
