0 49
0 51
1 5
1 65
2 3
2 79
3 13
3 77
4 30
4 76
5 17
5 64
8 42
8 59
15 22
15 66
16 75
17 45
17 61
18 21
19 47
19 56
20 10
21 2
21 26
22 24
23 24
23 52
24 6
25 23
25 46
26 50
27 31
27 37
28 4
29 20
29 48
30 20
31 33
31 55
32 7
33 44
33 63
34 15
35 53
35 54
36 32
37 60
37 69
38 14
39 29
39 40
40 18
41 16
41 42
42 70
43 40
43 44
44 34
45 32
45 46
46 58
47 27
47 48
48 30
49 1
49 50
50 78
51 19
51 52
52 67
53 16
53 54
54 36
55 56
55 72
56 39
57 41
57 58
58 26
59 12
59 60
60 18
61 43
61 62
62 36
63 28
63 64
64 73
65 34
65 66
66 57
67 38
67 68
68 38
69 70
69 80
70 71
71 72
71 74
72 62
73 8
73 74
74 11
75 25
75 76
76 9
77 35
77 78
78 22
79 28
79 80
80 68
