0 17
0 53
1 43
1 61
3 19
3 32
4 56
4 67
5 20
5 28
8 48
8 77
11 21
11 31
15 4
15 72
16 70
17 23
17 29
18 41
19 20
19 58
20 11
21 14
21 22
22 26
23 1
23 64
24 5
25 18
25 26
26 12
27 50
27 68
28 22
29 25
29 30
30 16
31 13
31 38
32 60
33 44
33 62
34 18
35 45
35 71
36 80
37 10
37 63
38 59
39 33
39 40
40 69
41 42
41 74
42 46
43 51
43 75
44 34
45 36
45 66
46 16
47 30
47 48
48 37
49 44
49 50
50 47
51 49
51 52
52 65
53 39
53 54
54 40
55 46
55 56
56 27
57 15
57 79
58 54
59 32
59 60
60 7
61 52
61 62
62 2
63 38
63 64
64 24
65 3
65 66
66 55
67 6
67 68
68 36
69 35
69 70
70 24
71 8
71 72
72 42
73 76
73 78
74 9
75 57
75 76
76 74
77 73
77 78
78 34
79 58
79 80
80 28
