0 27
0 69
1 3
1 32
3 5
3 23
4 57
4 58
5 8
5 46
6 10
6 61
10 21
10 28
15 25
15 36
16 71
17 9
17 60
18 2
19 20
19 38
20 72
21 22
21 62
22 80
23 50
23 73
24 42
25 26
25 56
26 45
27 28
27 41
28 79
29 13
29 75
30 48
31 32
31 77
32 4
33 34
33 40
34 26
35 36
35 65
36 16
37 30
37 38
38 49
39 20
39 52
40 18
41 16
41 74
42 11
43 6
43 78
44 76
45 14
45 46
46 59
47 39
47 48
48 33
49 50
49 51
50 24
51 31
51 67
52 40
53 55
53 66
54 44
55 54
55 56
56 68
57 24
57 63
58 70
59 44
59 64
60 18
61 35
61 62
62 34
63 58
63 64
64 60
65 15
65 66
66 30
67 52
67 68
68 47
69 1
69 70
70 12
71 37
71 72
72 22
73 43
73 74
74 42
75 53
75 76
76 7
77 29
77 78
78 54
79 19
79 80
80 17
