0 2
0 57
2 4
2 77
3 53
3 61
4 17
4 59
5 18
5 55
6 7
6 20
8 12
8 30
15 22
15 56
16 32
17 25
17 58
18 40
19 52
19 71
20 70
21 49
21 76
22 66
23 6
23 62
24 11
25 26
25 44
26 15
27 21
27 69
28 33
29 24
29 30
30 50
31 46
31 63
32 1
33 54
33 68
34 16
35 23
35 36
36 24
37 10
37 38
38 45
39 40
39 48
40 41
41 42
41 64
42 74
43 28
43 80
44 38
45 46
45 75
46 32
47 48
47 78
48 60
49 22
49 65
50 36
51 20
51 52
52 5
53 39
53 54
54 34
55 13
55 56
56 73
57 34
57 58
58 27
59 19
59 60
60 9
61 37
61 62
62 42
63 28
63 79
64 14
65 50
65 66
66 31
67 26
67 68
68 3
69 43
69 70
70 8
71 47
71 72
72 44
73 16
73 74
74 29
75 35
75 76
76 18
77 67
77 78
78 51
79 64
79 80
80 72
