0 1
0 25
1 5
1 49
2 4
2 46
3 39
3 54
4 16
4 45
7 42
7 51
12 13
12 20
15 21
15 41
16 34
17 18
17 29
18 27
19 11
19 68
20 40
21 18
21 22
22 6
23 8
23 24
24 10
25 26
25 47
26 32
27 28
27 69
28 74
29 2
29 53
30 15
31 22
31 78
32 44
33 43
33 66
34 36
35 24
35 36
36 23
37 38
37 73
38 9
39 33
39 40
40 26
41 16
41 52
42 77
43 67
43 80
44 65
45 30
45 50
46 3
47 17
47 58
48 62
49 50
49 70
50 46
51 61
51 71
52 42
53 30
53 54
54 12
55 28
55 56
56 48
57 7
57 58
58 48
59 60
59 76
60 20
61 75
61 79
62 72
63 35
63 64
64 62
65 37
65 66
66 34
67 44
67 68
68 60
69 57
69 70
70 31
71 59
71 72
72 14
73 56
73 74
74 63
75 64
75 76
76 52
77 55
77 78
78 32
79 38
79 80
80 19
