0 1
0 73
1 31
1 59
2 4
2 16
3 71
3 76
5 35
5 75
6 19
6 47
12 42
12 64
15 11
15 69
16 3
17 32
17 61
18 77
19 18
19 78
20 14
21 22
21 56
22 62
23 24
23 57
24 79
25 45
25 46
26 52
27 37
27 70
28 54
29 26
29 30
30 8
31 40
31 55
32 18
33 41
33 60
34 7
35 15
35 36
36 9
37 38
37 49
38 39
39 5
39 40
40 32
41 6
41 80
42 68
43 38
43 44
44 28
45 10
45 46
46 29
47 24
47 48
48 34
49 28
49 53
50 66
51 52
51 63
52 33
53 50
53 54
54 20
55 27
55 56
56 13
57 58
57 67
58 30
59 60
59 65
60 34
61 12
61 72
62 48
63 2
63 64
64 44
65 43
65 66
66 17
67 25
67 68
68 21
69 16
69 70
70 26
71 23
71 72
72 62
73 51
73 74
74 58
75 50
75 76
76 36
77 22
77 78
78 20
79 74
79 80
80 42
