0 27
0 39
1 21
1 74
2 5
2 25
3 50
3 64
4 19
4 34
9 41
9 59
11 22
11 76
15 47
15 79
16 3
17 75
17 80
18 16
19 24
19 29
20 40
21 4
21 36
22 32
23 24
23 26
24 69
25 15
25 77
26 18
27 1
27 28
28 17
29 20
29 72
30 37
31 45
31 70
32 28
33 34
33 54
34 10
35 36
35 78
36 33
37 38
37 43
38 48
39 40
39 71
40 62
41 52
41 57
42 18
43 46
43 65
44 53
45 9
45 46
46 58
47 30
47 48
48 42
49 23
49 50
50 8
51 52
51 66
52 61
53 20
53 54
54 22
55 6
55 56
56 32
57 42
57 58
58 55
59 12
59 68
60 7
61 62
61 73
62 16
63 14
63 64
64 60
65 51
65 66
66 44
67 11
67 68
68 60
69 31
69 70
70 35
71 2
71 72
72 30
73 67
73 74
74 44
75 38
75 76
76 13
77 26
77 78
78 56
79 49
79 80
80 63
