0 29
0 58
1 4
1 22
4 75
4 77
5 16
5 17
6 65
6 67
9 11
9 12
10 68
10 74
15 16
15 48
16 7
17 18
17 52
18 10
19 30
19 55
20 36
21 13
21 22
22 42
23 47
23 63
24 20
25 45
25 46
26 2
27 28
27 57
28 53
29 30
29 49
30 32
31 50
31 76
32 21
33 34
33 64
34 79
35 1
35 36
36 34
37 38
37 39
38 73
39 41
39 78
40 26
41 56
41 80
42 3
43 44
43 66
44 59
45 26
45 46
46 18
47 43
47 48
48 8
49 23
49 50
50 20
51 19
51 52
52 38
53 5
53 61
54 42
55 44
55 56
56 40
57 9
57 58
58 40
59 37
59 60
60 31
61 62
61 70
62 24
63 35
63 64
64 51
65 27
65 69
66 62
67 25
67 68
68 33
69 70
69 72
70 71
71 54
71 72
72 66
73 24
73 74
74 14
75 6
75 76
76 32
77 28
77 78
78 60
79 15
79 80
80 54
