0 29
0 60
1 30
1 68
3 27
3 28
4 21
4 37
6 8
6 43
7 38
7 51
8 33
8 63
15 17
15 59
16 66
17 16
17 31
18 4
19 32
19 61
20 79
21 22
21 36
22 45
23 53
23 80
24 41
25 26
25 50
26 62
27 26
27 69
28 15
29 30
29 67
30 18
31 18
31 32
32 20
33 23
33 34
34 10
35 22
35 36
36 74
37 38
37 56
38 48
39 24
39 47
40 13
41 46
41 58
42 7
43 42
43 44
44 2
45 57
45 71
46 42
47 40
47 48
48 16
49 5
49 50
50 44
51 55
51 64
52 34
53 24
53 65
54 40
55 52
55 56
56 14
57 72
57 77
58 52
59 20
59 60
60 35
61 25
61 62
62 49
63 39
63 64
64 78
65 54
65 66
66 12
67 1
67 68
68 3
69 28
69 70
70 9
71 73
71 76
72 58
73 72
73 74
74 75
75 54
75 76
76 19
77 46
77 78
78 11
79 6
79 80
80 70
