0 1
0 17
2 27
2 49
3 6
3 18
4 23
4 46
5 20
5 26
6 31
6 65
12 48
12 75
15 16
15 53
16 38
17 2
17 45
18 62
19 5
19 21
20 16
21 34
21 40
22 70
23 50
23 71
24 59
25 56
25 69
26 67
27 33
27 55
28 66
29 60
29 77
30 68
31 8
31 32
32 41
33 34
33 61
34 24
35 12
35 36
36 54
37 18
37 51
38 52
39 22
39 40
40 78
41 19
41 57
42 4
43 38
43 44
44 35
45 37
45 46
46 25
47 11
47 48
48 14
49 42
49 50
50 63
51 43
51 72
52 30
53 39
53 80
54 74
55 56
55 73
56 9
57 42
57 58
58 7
59 22
59 60
60 30
61 28
61 62
62 32
63 24
63 64
64 58
65 64
65 66
66 10
67 44
67 68
68 76
69 26
69 70
70 29
71 15
71 72
72 52
73 3
73 74
74 47
75 13
75 76
76 79
77 28
77 78
78 20
79 36
79 80
80 54
