0 2
0 65
2 4
2 61
4 39
4 50
6 15
6 19
7 12
7 42
8 16
8 73
11 18
11 26
15 8
15 57
16 9
17 18
17 31
18 74
19 32
19 33
20 14
21 17
21 24
22 7
23 24
23 67
24 38
25 27
25 58
26 48
27 10
27 28
28 11
29 30
29 41
30 44
31 47
31 63
32 36
33 22
33 80
34 43
35 45
35 64
36 20
37 26
37 56
38 70
39 6
39 40
40 32
41 51
41 69
42 53
43 44
43 59
44 46
45 46
45 54
46 20
47 40
47 48
48 30
49 38
49 50
50 5
51 34
51 79
52 35
53 28
53 54
54 36
55 52
55 76
56 49
57 16
57 58
58 37
59 1
59 71
60 42
61 21
61 62
62 23
63 64
63 78
64 25
65 29
65 66
66 34
67 72
67 75
68 13
69 60
69 70
70 22
71 72
71 77
72 55
73 62
73 74
74 68
75 68
75 76
76 56
77 60
77 78
78 3
79 52
79 80
80 66
