0 19
0 33
1 31
1 41
2 22
2 23
4 15
4 18
5 13
5 14
6 16
6 50
8 68
8 72
15 28
15 52
16 63
17 46
17 51
18 48
19 45
19 67
20 24
21 12
21 29
22 5
23 6
23 49
24 10
25 16
25 38
26 39
27 4
27 28
28 8
29 56
29 69
30 44
31 53
31 65
32 59
33 2
33 57
34 22
35 7
35 36
36 66
37 38
37 55
38 54
39 20
39 73
40 11
41 36
41 78
42 58
43 21
43 74
44 9
45 20
45 46
46 18
47 40
47 48
48 35
49 24
49 50
50 17
51 26
51 52
52 61
53 37
53 54
54 26
55 56
55 77
56 34
57 34
57 62
58 30
59 43
59 76
60 44
61 25
61 70
62 58
63 64
63 79
64 32
65 27
65 66
66 3
67 1
67 71
68 47
69 30
69 70
70 62
71 72
71 80
72 32
73 40
73 74
74 60
75 42
75 76
76 60
77 64
77 78
78 75
79 42
79 80
80 68
