0 2
0 39
2 3
2 58
3 49
3 71
4 66
4 77
6 24
6 26
10 33
10 61
12 25
12 44
15 16
15 80
16 54
17 62
17 64
18 47
19 20
19 42
20 40
21 14
21 48
22 16
23 32
23 35
24 17
25 20
25 53
26 7
27 38
27 76
28 26
29 37
29 70
30 21
31 11
31 32
32 45
33 34
33 56
34 4
35 51
35 65
36 8
37 38
37 50
38 28
39 40
39 46
40 72
41 31
41 42
42 1
43 55
43 78
44 30
45 43
45 46
46 73
47 5
47 48
48 22
49 50
49 59
50 52
51 10
51 57
52 30
53 28
53 79
54 36
55 27
55 56
56 12
57 52
57 58
58 15
59 9
59 60
60 19
61 41
61 62
62 18
63 24
63 64
64 22
65 36
65 66
66 29
67 68
67 69
68 74
69 60
69 75
70 6
71 23
71 72
72 13
73 67
73 74
74 18
75 70
75 76
76 63
77 68
77 78
78 44
79 54
79 80
80 34
