0 2
0 65
1 4
1 39
2 33
2 67
3 17
3 59
4 9
4 79
5 7
5 49
9 51
9 70
15 1
15 77
16 75
17 20
17 21
18 11
19 50
19 56
20 18
21 36
21 37
22 6
23 35
23 58
24 68
25 10
25 26
26 48
27 18
27 28
28 23
29 30
29 38
30 64
31 22
31 32
32 30
33 32
33 34
34 43
35 55
35 80
36 31
37 12
37 71
38 72
39 19
39 54
40 24
41 44
41 52
42 27
43 44
43 46
44 62
45 28
45 46
46 5
47 3
47 48
48 40
49 50
49 57
50 16
51 66
51 73
52 60
53 15
53 54
54 40
55 36
55 56
56 29
57 58
57 74
58 25
59 60
59 63
60 42
61 24
61 62
62 14
63 42
63 64
64 78
65 53
65 66
66 41
67 34
67 68
68 20
69 16
69 70
70 13
71 38
71 72
72 26
73 52
73 76
74 8
75 47
75 76
76 74
77 69
77 78
78 22
79 45
79 80
80 61
