0 17
0 51
2 4
2 15
3 38
3 41
5 52
5 60
6 67
6 71
7 31
7 35
11 48
11 74
15 3
15 23
16 7
17 37
17 59
18 61
19 20
19 47
20 8
21 18
21 70
22 49
23 16
23 80
24 50
25 22
25 26
26 33
27 28
27 39
28 21
29 26
29 30
30 42
31 28
31 32
32 73
33 18
33 44
34 36
35 27
35 36
36 66
37 22
37 38
38 5
39 40
39 69
40 24
41 19
41 77
42 20
43 56
43 76
44 63
45 9
45 46
46 24
47 6
47 68
48 13
49 29
49 62
50 12
51 2
51 52
52 53
53 54
53 79
54 57
55 43
55 65
56 30
57 46
57 58
58 25
59 32
59 60
60 10
61 11
61 72
62 50
63 34
63 64
64 48
65 66
65 75
66 14
67 55
67 68
68 78
69 54
69 70
70 58
71 16
71 72
72 62
73 1
73 74
74 34
75 56
75 76
76 44
77 42
77 78
78 64
79 45
79 80
80 40
