0 2
0 25
1 23
1 58
2 4
2 29
4 17
4 75
5 56
5 63
6 20
6 37
9 13
9 50
15 51
15 59
16 14
17 21
17 80
18 54
19 22
19 33
20 65
21 18
21 22
22 20
23 52
23 77
24 36
25 1
25 30
26 46
27 3
27 28
28 10
29 26
29 57
30 60
31 7
31 64
32 62
33 8
33 34
34 28
35 6
35 44
36 11
37 38
37 53
38 55
39 35
39 79
40 16
41 32
41 49
42 31
43 42
43 45
44 36
45 44
45 46
46 27
47 19
47 48
48 5
49 72
49 78
50 16
51 34
51 52
52 24
53 9
53 61
54 15
55 32
55 56
56 70
57 30
57 58
58 39
59 40
59 60
60 26
61 54
61 62
62 12
63 67
63 68
64 38
65 66
65 73
66 24
67 64
67 68
68 71
69 40
69 70
70 74
71 72
71 76
72 43
73 18
73 74
74 66
75 42
75 76
76 41
77 48
77 78
78 50
79 69
79 80
80 47
