0 2
0 43
1 4
1 61
2 9
2 10
3 59
3 77
4 21
4 46
10 33
10 41
12 14
12 64
15 19
15 44
16 28
17 35
17 38
18 73
19 30
19 57
20 80
21 27
21 60
22 55
23 16
23 69
24 75
25 24
25 26
26 5
27 40
27 71
28 63
29 26
29 30
30 66
31 37
31 54
32 29
33 22
33 34
34 56
35 50
35 51
36 34
37 32
37 38
38 20
39 31
39 40
40 28
41 12
41 72
42 13
43 1
43 44
44 23
45 15
45 46
46 53
47 32
47 48
48 20
49 22
49 50
50 36
51 11
51 52
52 68
53 47
53 54
54 24
55 17
55 56
56 62
57 25
57 74
58 42
59 18
59 60
60 49
61 3
61 62
62 78
63 64
63 79
64 76
65 66
65 70
66 52
67 36
67 68
68 6
69 39
69 70
70 58
71 45
71 72
72 42
73 8
73 74
74 65
75 48
75 76
76 67
77 16
77 78
78 58
79 7
79 80
80 18
