0 23
0 58
1 61
1 62
2 27
2 34
3 66
3 67
5 11
5 63
6 19
6 36
9 28
9 69
15 40
15 49
16 53
17 15
17 64
18 9
19 60
19 68
20 16
21 16
21 22
22 17
23 29
23 39
24 72
25 26
25 76
26 7
27 25
27 28
28 13
29 37
29 79
30 47
31 30
31 41
32 12
33 22
33 46
34 78
35 18
35 38
36 24
37 51
37 77
38 36
39 55
39 56
40 65
41 42
41 48
42 80
43 31
43 44
44 34
45 40
45 46
46 42
47 8
47 74
48 32
49 20
49 50
50 26
51 24
51 52
52 44
53 10
53 71
54 14
55 57
55 73
56 33
57 45
57 58
58 2
59 54
59 75
60 30
61 3
61 62
62 70
63 32
63 64
64 35
65 1
65 66
66 5
67 6
67 68
68 20
69 54
69 70
70 4
71 59
71 72
72 50
73 56
73 74
74 48
75 60
75 76
76 18
77 38
77 78
78 21
79 43
79 80
80 52
