Minimum level: 3
Runtime (sec): 71.1494897499797
Support network with minimum level
82 58
58 40
57 54
54 2
67 54
20 68
68 45
31 14
43 32
32 42
63 64
63 25
64 73
25 35
25 43
55 81
81 82
81 61
80 56
56 3
28 22
22 50
19 24
24 17
71 24
40 72
72 44
70 34
34 20
44 34
27 21
27 59
21 15
59 60
33 65
65 66
65 55
79 80
4 38
4 5
38 70
5 39
45 6
6 8
35 46
35 36
46 60
36 53
0 23
23 75
23 19
3 77
61 62
62 26
47 51
47 30
51 52
30 48
29 71
50 20
49 40
53 57
53 76
75 29
73 74
74 47
76 74
42 69
41 11
11 78
26 7
37 79
16 12
39 41
39 49
60 16
66 28
15 63
15 1
77 9
78 13
52 31
48 67
2 33
2 4
17 18
17 27
18 10
69 37
