Minimum level: 11
Runtime (sec): 26.16184366698144
Support network with minimum level
80 94
94 54
97 94
42 98
98 40
77 105
77 62
105 78
62 27
95 96
96 109
81 16
16 32
69 70
70 58
57 33
33 47
2 77
2 57
9 12
9 20
20 36
111 112
112 38
23 59
59 73
59 67
92 80
21 108
108 28
107 17
17 102
34 24
24 104
67 24
109 82
82 78
30 110
110 21
45 13
99 100
100 46
91 26
26 6
89 92
54 90
90 60
78 68
48 106
106 83
49 23
85 86
86 50
38 18
50 4
102 41
101 64
64 44
43 45
35 99
35 48
47 39
39 93
39 31
40 34
44 34
79 89
79 65
65 72
74 15
15 87
56 84
84 30
83 84
36 11
25 75
75 91
19 37
19 55
37 43
37 85
55 29
55 56
93 97
31 71
68 66
32 68
6 10
6 49
71 103
71 76
87 51
87 88
51 79
51 1
88 18
41 42
46 74
73 74
60 69
66 107
53 52
52 81
27 25
28 22
18 9
0 61
61 95
61 2
72 53
10 19
10 14
104 58
103 104
58 22
76 3
3 35
3 5
63 101
63 111
22 7
1 8
29 63
