Minimum level: 4
Runtime (sec): 3.134623666992411
Support network with minimum level
22 84
84 80
83 39
39 33
39 40
17 23
23 59
57 58
58 51
53 54
53 14
54 38
24 78
78 53
77 46
46 56
59 60
64 16
16 22
47 16
36 48
48 22
34 20
20 49
71 72
72 8
43 44
44 71
6 10
29 5
29 30
5 21
5 86
30 43
21 62
62 36
61 47
86 64
85 17
32 26
26 4
19 27
27 25
33 65
33 41
40 36
35 55
55 6
76 83
67 73
67 68
73 57
73 74
68 81
15 9
9 11
9 18
8 75
75 76
79 24
80 7
0 37
0 45
37 1
37 67
45 2
38 28
49 50
50 28
25 32
70 13
28 42
42 52
41 34
60 32
81 63
81 82
69 85
82 70
18 12
31 3
74 35
65 66
1 69
1 31
63 61
66 77
51 19
52 15
4 29
56 79
