Minimum level: 5
Runtime (sec): 5.072229083976708
Support network with minimum level
64 4
36 1
1 73
74 94
94 97
93 32
32 33
43 44
44 28
90 44
73 3
3 85
85 74
38 86
86 23
33 75
33 30
71 81
71 69
81 82
69 61
45 17
17 67
17 15
51 52
52 46
66 60
60 12
37 95
37 48
95 13
48 38
89 90
41 83
83 102
28 59
59 24
42 34
34 11
75 98
98 76
97 96
96 14
30 57
29 10
91 92
92 64
68 42
61 53
61 78
82 70
50 72
72 38
57 9
57 84
84 58
87 88
88 37
22 50
54 50
70 40
40 16
39 31
31 5
6 71
16 22
46 20
19 51
27 8
8 55
8 29
15 91
0 79
0 36
79 63
79 100
35 47
47 99
47 89
24 7
78 62
62 56
55 62
25 26
26 20
49 45
53 54
53 101
101 18
2 39
2 6
76 58
23 77
77 27
18 41
102 87
67 68
80 93
21 25
21 49
63 2
100 80
99 19
56 65
65 66
5 21
5 35
58 56
20 43
