Minimum level:2
Runtime (sec):0.0834805000
Support network with minimum level
71 4
4 78
67 72
72 16
35 68
68 18
40 36
36 30
54 57
57 58
2 51
2 29
51 44
29 65
65 75
75 76
78 66
66 52
50 60
60 40
59 60
21 22
22 23
80 56
56 62
58 46
46 49
77 37
37 67
20 70
70 61
69 70
73 74
74 54
49 42
42 7
76 50
79 69
79 80
55 59
15 17
15 12
17 45
12 21
12 13
6 39
6 15
39 11
1 19
1 33
19 25
19 71
33 3
43 53
53 79
53 32
44 55
52 24
30 10
27 28
28 5
47 48
48 27
32 26
26 35
45 73
25 31
25 43
31 38
62 14
61 6
38 20
3 63
3 47
18 34
34 41
63 64
64 16
16 2
0 77
0 1
41 9
24 8
23 24
