Minimum level: 8
Runtime (sec): 14.015116541995667
Support network with minimum level
66 104
104 44
103 94
94 50
49 14
37 57
57 83
74 38
38 36
105 63
105 106
63 64
106 44
64 97
75 76
76 28
27 41
41 107
41 5
54 42
42 18
79 80
80 50
83 108
108 84
107 78
78 79
77 78
73 74
40 16
16 95
0 15
0 2
15 87
2 29
2 99
93 103
93 72
72 56
17 105
70 26
26 100
96 26
56 46
46 35
45 75
31 53
53 84
22 32
32 3
90 67
67 8
29 65
99 27
5 19
23 25
25 77
25 70
18 24
24 4
68 18
61 31
61 62
62 12
9 48
48 110
47 23
97 43
85 109
85 98
109 88
98 86
43 71
43 13
89 49
89 90
19 101
19 33
102 69
69 39
87 85
39 40
28 11
36 86
86 10
81 17
81 82
82 54
1 96
95 61
59 81
34 60
60 30
20 58
58 6
92 66
71 93
84 45
100 22
52 22
88 59
110 21
21 37
21 51
51 102
65 55
55 20
91 92
50 52
101 91
44 1
35 36
30 68
7 47
7 9
33 7
33 34
6 73
6 89
