0 1
0 25
1 6
1 51
2 4
2 29
3 24
3 38
4 33
4 47
5 10
5 49
6 26
6 53
9 17
9 65
11 34
11 50
12 13
12 60
16 27
16 63
17 55
17 71
25 26
25 43
26 35
27 28
27 59
28 22
29 3
29 46
30 37
31 32
31 69
32 72
33 8
33 48
34 31
35 12
35 36
36 5
37 38
37 41
38 23
39 16
39 58
40 30
41 42
41 66
42 18
43 2
43 44
44 15
45 42
45 46
46 30
47 7
47 48
48 67
49 50
49 68
50 44
51 36
51 52
52 34
53 11
53 54
54 40
55 21
55 56
56 62
57 39
57 61
58 40
59 20
59 60
60 56
61 62
61 70
62 32
63 19
63 64
64 28
65 45
65 66
66 64
67 52
67 68
68 9
69 57
69 70
70 58
71 54
71 72
72 14
