0 1
0 33
1 7
1 51
2 3
2 47
3 5
3 63
5 24
5 56
6 17
6 18
7 10
7 43
8 13
8 45
9 31
9 40
11 15
11 16
14 19
14 44
18 21
18 41
25 46
25 68
26 48
27 8
27 28
28 52
29 26
29 30
30 38
31 50
31 67
32 64
33 25
33 36
34 9
35 36
35 39
36 34
37 27
37 38
38 23
39 30
39 57
40 11
41 22
41 62
42 20
43 44
43 58
44 32
45 46
45 61
46 28
47 4
47 48
48 60
49 50
49 70
50 12
51 37
51 69
52 71
53 42
53 66
54 55
55 26
55 56
56 35
57 40
57 58
58 59
59 34
59 60
60 49
61 54
61 62
62 65
63 6
63 64
64 42
65 53
65 66
66 72
67 32
67 68
68 29
69 52
69 70
70 14
71 2
71 72
72 54
