0 2
0 50
1 28
1 53
2 3
2 4
3 39
3 62
4 10
4 27
5 38
5 45
8 18
8 44
9 12
9 35
11 25
11 52
15 21
15 56
16 48
16 72
21 23
21 31
25 33
25 43
26 8
27 51
27 63
28 5
29 32
29 55
30 36
31 54
31 61
32 30
33 64
33 67
34 19
35 11
35 36
36 22
37 15
37 49
38 58
39 26
39 40
40 24
41 9
41 42
42 69
43 29
43 44
44 47
45 14
45 70
46 32
47 17
47 48
48 20
49 38
49 57
50 1
51 52
51 65
52 16
53 54
53 59
54 46
55 37
55 56
56 30
57 50
57 58
58 13
59 6
59 60
60 42
61 40
61 62
62 7
63 66
63 68
64 34
65 41
65 66
66 64
67 26
67 68
68 60
69 70
69 71
70 46
71 28
71 72
72 34
