0 1
0 30
1 4
1 31
2 5
2 65
3 37
3 55
4 51
4 66
8 10
8 69
9 19
9 58
10 29
10 41
11 13
11 61
13 17
13 39
16 47
16 53
20 32
20 62
25 7
25 26
26 49
27 28
27 38
28 25
29 30
29 57
30 44
31 32
31 43
32 48
33 34
33 60
34 24
35 26
35 36
36 27
37 59
37 71
38 54
39 50
39 70
40 33
41 12
41 42
42 18
43 3
43 63
44 2
45 9
45 46
46 15
47 23
47 64
48 56
49 34
49 50
50 40
51 52
51 67
52 8
53 35
53 54
54 11
55 28
55 56
56 22
57 36
57 58
58 68
59 52
59 60
60 14
61 40
61 62
62 72
63 44
63 64
64 48
65 6
65 66
66 46
67 16
67 68
68 20
69 45
69 70
70 42
71 38
71 72
72 21
