0 2
0 64
1 31
1 61
2 4
2 63
3 8
3 37
4 39
4 52
5 17
5 58
7 12
7 46
8 15
8 16
9 20
9 28
11 30
11 34
13 22
13 36
19 62
19 65
25 35
25 50
26 54
27 28
27 66
28 19
29 3
29 30
30 27
31 9
31 56
32 48
33 24
33 34
34 57
35 43
35 51
36 21
37 38
37 40
38 26
39 44
39 70
40 45
41 26
41 42
42 13
43 44
43 47
44 6
45 60
45 67
46 11
47 36
47 48
48 41
49 32
49 50
50 29
51 32
51 55
52 5
53 33
53 72
54 18
55 56
55 68
56 49
57 42
57 58
58 38
59 10
59 69
60 7
61 62
61 71
62 23
63 25
63 64
64 1
65 53
65 66
66 14
67 46
67 68
68 52
69 60
69 70
70 40
71 59
71 72
72 54
