0 2
0 55
1 4
1 44
2 25
2 28
3 6
3 69
4 13
4 54
5 10
5 36
6 19
6 49
7 41
7 51
8 43
8 57
9 37
9 72
13 39
13 58
18 23
18 60
25 61
25 65
26 18
27 29
27 34
28 7
29 30
29 38
30 62
31 16
31 47
32 9
33 34
33 46
34 28
35 27
35 36
36 32
37 38
37 59
38 68
39 35
39 71
40 26
41 12
41 48
42 17
43 31
43 44
44 63
45 26
45 46
46 1
47 53
47 64
48 42
49 50
49 66
50 24
51 11
51 56
52 50
53 48
53 54
54 67
55 33
55 70
56 52
57 15
57 58
58 42
59 22
59 60
60 52
61 45
61 62
62 5
63 3
63 64
64 32
65 8
65 66
66 20
67 14
67 68
68 40
69 30
69 70
70 56
71 40
71 72
72 21
