0 28
0 57
1 35
1 43
2 13
2 44
3 9
3 49
4 5
4 56
5 29
5 33
6 8
6 38
7 17
7 18
9 16
9 51
10 23
10 66
16 36
16 52
20 21
20 42
25 4
25 71
26 45
27 28
27 58
28 26
29 11
29 47
30 27
31 39
31 48
32 22
33 12
33 72
34 60
35 3
35 36
36 53
37 26
37 38
38 41
39 40
39 61
40 34
41 7
41 42
42 64
43 25
43 54
44 14
45 2
45 46
46 19
47 63
47 65
48 32
49 10
49 50
50 31
51 30
51 52
52 55
53 54
53 59
54 44
55 50
55 56
56 6
57 1
57 58
58 15
59 20
59 60
60 32
61 62
61 69
62 67
63 30
63 64
64 70
65 48
65 66
66 62
67 24
67 68
68 37
69 46
69 70
70 40
71 68
71 72
72 34
