0 2
0 39
1 3
1 4
3 9
3 10
4 6
4 35
5 28
5 33
8 29
8 42
9 68
9 71
11 36
11 52
13 15
13 16
15 18
15 40
17 20
17 25
18 26
18 51
25 19
25 26
26 55
27 17
27 37
28 50
29 43
29 57
30 64
31 32
31 41
32 28
33 31
33 58
34 60
35 61
35 69
36 44
37 32
37 38
38 7
39 1
39 48
40 72
41 8
41 49
42 12
43 11
43 62
44 13
45 23
45 53
46 70
47 34
47 48
48 46
49 50
49 56
50 38
51 30
51 52
52 14
53 66
53 67
54 36
55 22
55 56
56 42
57 34
57 58
58 47
59 5
59 60
60 63
61 54
61 62
62 44
63 30
63 64
64 21
65 24
65 66
66 46
67 54
67 68
68 65
69 59
69 70
70 40
71 45
71 72
72 27
