0 31
0 65
1 3
1 4
2 13
2 29
4 5
4 6
5 51
5 59
6 41
6 49
7 52
7 67
14 16
14 32
16 35
16 50
17 39
17 62
18 19
18 45
20 40
20 58
25 18
25 34
26 21
27 44
27 46
28 30
29 14
29 66
30 36
31 1
31 37
32 15
33 38
33 53
34 57
35 17
35 36
36 68
37 32
37 38
38 23
39 27
39 69
40 64
41 7
41 42
42 54
43 44
43 48
44 28
45 46
45 60
46 33
47 40
47 55
48 20
49 8
49 50
50 25
51 11
51 52
52 9
53 34
53 54
54 10
55 48
55 56
56 26
57 56
57 58
58 61
59 12
59 60
60 43
61 62
61 72
62 71
63 47
63 64
64 22
65 2
65 66
66 30
67 42
67 68
68 70
69 63
69 70
70 26
71 24
71 72
72 28
