0 1
0 2
1 37
1 67
2 3
2 45
3 11
3 12
4 35
4 63
6 48
6 55
9 18
9 65
12 33
12 50
13 19
13 47
14 15
14 16
17 54
17 62
21 58
21 72
25 46
25 64
26 17
27 28
27 57
28 69
29 30
29 52
30 71
31 39
31 56
32 36
33 34
33 51
34 26
35 29
35 36
36 7
37 6
37 38
38 59
39 27
39 40
40 14
41 26
41 42
42 44
43 42
43 44
44 34
45 46
45 53
46 10
47 20
47 48
48 32
49 5
49 50
50 13
51 40
51 52
52 9
53 54
53 61
54 31
55 8
55 56
56 32
57 22
57 58
58 70
59 60
59 66
60 30
61 4
61 68
62 21
63 25
63 64
64 41
65 38
65 66
66 43
67 28
67 68
68 62
69 49
69 70
70 60
71 24
71 72
72 23
