0 42
0 71
2 3
2 27
3 26
3 53
4 6
4 31
5 12
5 38
6 8
6 40
8 34
8 67
9 17
9 48
12 14
12 62
13 24
13 36
15 21
15 22
16 29
16 33
25 28
25 41
26 15
27 54
27 59
28 5
29 19
29 30
30 13
31 39
31 44
32 26
33 20
33 34
34 60
35 61
35 72
36 23
37 51
37 55
38 11
39 40
39 47
40 7
41 32
41 42
42 69
43 44
43 57
44 63
45 25
45 46
46 1
47 43
47 48
48 35
49 10
49 50
50 18
51 38
51 52
52 58
53 16
53 54
54 4
55 45
55 68
56 32
57 64
57 65
58 36
59 28
59 60
60 9
61 52
61 62
62 30
63 56
63 64
64 37
65 58
65 66
66 50
67 49
67 70
68 56
69 46
69 70
70 68
71 2
71 72
72 66
