0 2
0 69
1 37
1 63
2 5
2 45
3 7
3 8
4 41
4 42
6 11
6 50
7 23
7 25
8 9
8 10
9 16
9 54
11 13
11 57
13 17
13 18
17 20
17 67
25 36
25 49
26 60
27 32
27 59
28 26
29 30
29 72
30 51
31 46
31 61
32 24
33 34
33 40
34 28
35 36
35 39
36 66
37 3
37 38
38 27
39 40
39 70
40 28
41 42
41 56
42 33
43 44
43 47
44 15
45 48
45 64
46 32
47 26
47 48
48 6
49 43
49 65
50 29
51 31
51 52
52 4
53 34
53 54
54 44
55 21
55 56
56 22
57 14
57 58
58 68
59 53
59 60
60 55
61 52
61 62
62 46
63 30
63 64
64 62
65 50
65 66
66 38
67 58
67 68
68 19
69 1
69 71
70 12
71 70
71 72
72 35
