0 1
0 55
1 63
1 71
2 24
2 61
3 8
3 65
4 42
4 66
5 9
5 47
6 44
6 53
7 35
7 50
10 28
10 30
12 13
12 14
14 17
14 58
17 22
17 32
25 26
25 60
26 38
27 12
27 28
28 11
29 3
29 45
30 41
31 29
31 56
32 21
33 7
33 34
34 5
35 36
35 54
36 40
37 34
37 38
38 15
39 40
39 51
40 32
41 27
41 42
42 46
43 44
43 67
44 49
45 39
45 46
46 25
47 10
47 64
48 6
49 16
49 50
50 19
51 52
51 69
52 23
53 26
53 54
54 68
55 56
55 57
56 72
57 2
57 58
58 18
59 37
59 60
60 48
61 52
61 62
62 30
63 4
63 64
64 48
65 33
65 66
66 59
67 68
67 70
68 20
69 43
69 70
70 62
71 31
71 72
72 36
