0 35
0 52
1 6
1 44
2 3
2 31
3 36
3 39
4 62
4 64
5 33
5 42
6 10
6 48
8 41
8 54
10 25
10 60
11 29
11 49
12 30
12 58
14 18
14 32
25 47
25 55
26 28
27 19
27 34
28 61
29 20
29 30
30 24
31 40
31 46
32 17
33 15
33 34
34 28
35 2
35 51
36 7
37 22
37 38
38 70
39 40
39 69
40 26
41 11
41 42
42 16
43 38
43 44
44 56
45 46
45 50
46 59
47 48
47 65
48 9
49 27
49 50
50 1
51 36
51 52
52 71
53 54
53 57
54 12
55 26
55 56
56 5
57 32
57 58
58 43
59 60
59 72
60 21
61 62
61 66
62 14
63 23
63 64
64 13
65 37
65 66
66 68
67 53
67 68
68 4
69 8
69 70
70 63
71 45
71 72
72 67
