0 1
0 67
1 3
1 29
2 45
2 53
3 7
3 72
4 6
4 26
8 17
8 68
9 13
9 42
10 11
10 44
12 19
12 35
13 16
13 31
14 23
14 24
20 21
20 32
25 26
25 43
26 51
27 25
27 28
28 39
29 30
29 55
30 2
31 37
31 38
32 61
33 27
33 64
34 59
35 28
35 36
36 8
37 33
37 38
38 32
39 20
39 50
40 15
41 40
41 60
42 57
43 44
43 69
44 12
45 9
45 56
46 42
47 54
47 65
48 41
49 36
49 66
50 40
51 5
51 52
52 14
53 10
53 70
54 48
55 4
55 56
56 46
57 52
57 58
58 22
59 49
59 60
60 62
61 47
61 63
62 46
63 64
63 71
64 34
65 58
65 66
66 50
67 30
67 68
68 18
69 48
69 70
70 54
71 62
71 72
72 34
