0 1
0 2
1 53
1 58
2 7
2 57
3 28
3 69
4 10
4 66
6 24
6 67
7 14
7 33
8 15
8 16
9 19
9 29
10 40
10 62
15 18
15 39
18 22
18 25
25 21
25 41
26 38
27 28
27 70
28 49
29 32
29 54
30 17
31 8
31 32
32 20
33 34
33 56
34 44
35 4
35 59
36 68
37 5
37 38
38 47
39 30
39 40
40 60
41 26
41 65
42 61
43 42
43 44
44 51
45 31
45 46
46 36
47 23
47 48
48 35
49 37
49 50
50 13
51 48
51 52
52 26
53 34
53 64
54 30
55 52
55 56
56 27
57 45
57 58
58 3
59 46
59 60
60 63
61 55
61 62
62 36
63 11
63 64
64 54
65 42
65 66
66 72
67 43
67 68
68 12
69 70
69 71
70 50
71 6
71 72
72 9
