0 29
0 49
1 40
1 57
2 53
2 71
3 9
3 27
6 7
6 8
7 14
7 36
8 35
8 46
9 38
9 48
13 26
13 65
16 47
16 51
17 42
17 64
18 23
18 33
25 2
25 26
26 45
27 10
27 69
28 18
29 1
29 30
30 54
31 11
31 66
32 56
33 34
33 67
34 5
35 36
35 55
36 13
37 38
37 63
38 12
39 28
39 40
40 4
41 21
41 68
42 22
43 6
43 52
44 32
45 46
45 72
46 58
47 19
47 48
48 31
49 25
49 62
50 37
51 20
51 52
52 44
53 34
53 54
54 24
55 39
55 56
56 17
57 3
57 58
58 50
59 28
59 61
60 30
61 60
61 62
62 50
63 64
63 70
64 41
65 15
65 66
66 44
67 60
67 68
68 42
69 59
69 70
70 32
71 43
71 72
72 16
