0 25
0 54
1 4
1 41
2 5
2 69
3 22
3 40
5 48
5 71
6 26
6 34
7 9
7 63
10 14
10 31
13 15
13 27
14 29
14 30
16 23
16 43
17 44
17 49
25 2
25 26
26 55
27 47
27 57
28 51
29 53
29 68
30 67
31 32
31 39
32 19
33 28
33 34
34 8
35 36
35 38
36 72
37 30
37 38
38 20
39 13
39 60
40 46
41 42
41 50
42 36
43 24
43 58
44 35
45 6
45 65
46 42
47 28
47 61
48 62
49 50
49 64
50 3
51 18
51 52
52 40
53 37
53 54
54 1
55 7
55 56
56 21
57 58
57 66
58 44
59 33
59 60
60 70
61 48
61 62
62 11
63 10
63 64
64 32
65 46
65 66
66 16
67 17
67 68
68 59
69 45
69 70
70 52
71 12
71 72
72 56
