0 1
0 43
1 9
1 57
2 3
2 4
3 5
3 6
4 7
4 55
5 16
5 33
7 14
7 64
9 11
9 12
12 26
12 28
14 19
14 65
15 31
15 70
21 52
21 63
25 42
25 45
26 40
27 41
27 50
28 22
29 35
29 67
30 20
31 17
31 32
32 30
33 47
33 66
34 53
35 37
35 72
36 23
37 15
37 59
38 28
39 36
39 40
40 21
41 25
41 42
42 34
43 27
43 58
44 10
45 2
45 60
46 8
47 51
47 54
48 26
49 30
49 50
50 61
51 48
51 52
52 24
53 48
53 69
54 29
55 46
55 56
56 36
57 44
57 58
58 68
59 38
59 60
60 46
61 38
61 62
62 54
63 56
63 64
64 13
65 49
65 66
66 34
67 32
67 68
68 44
69 62
69 70
70 71
71 18
71 72
72 39
