Minimum level: 3
Runtime (sec): 0.13467291701817885
Support network with minimum level
72 35
35 45
39 59
39 19
59 81
19 41
77 83
77 74
83 84
74 51
29 72
71 33
33 10
58 75
75 61
82 89
89 52
6 23
23 24
23 25
25 26
26 73
52 46
46 14
51 55
55 76
54 90
90 38
22 54
53 86
86 30
85 58
7 71
88 78
78 38
84 64
76 56
61 60
0 39
0 17
17 53
67 68
68 34
38 36
36 48
40 31
31 57
31 20
73 77
73 80
80 13
79 28
28 32
27 1
1 42
41 2
2 7
42 3
65 16
16 4
44 66
66 6
15 69
69 65
24 56
47 79
47 62
62 48
60 21
81 40
4 5
34 44
48 18
49 47
49 50
50 88
37 43
43 70
45 87
45 63
87 67
63 82
18 8
30 37
64 22
57 85
20 27
70 44
56 9
21 15
21 29
32 11
9 12
9 49
