0 21
0 56
2 49
2 53
3 5
3 28
4 19
4 55
5 14
5 18
6 9
6 34
10 40
10 42
15 58
15 62
16 54
17 7
17 18
18 24
19 20
19 59
20 3
21 29
21 36
22 1
23 12
23 24
24 16
25 17
25 50
26 32
27 25
27 33
28 30
29 2
29 31
30 48
31 30
31 63
32 20
33 44
33 60
34 10
35 41
35 43
36 57
37 8
37 38
38 34
39 15
39 40
40 23
41 51
41 65
42 39
43 52
43 66
44 38
45 22
45 46
46 27
47 32
47 48
48 6
49 4
49 50
50 26
51 46
51 52
52 44
53 26
53 54
54 64
55 35
55 56
56 22
57 58
57 61
58 11
59 37
59 60
60 28
61 45
61 62
62 16
63 47
63 64
64 13
65 42
65 66
66 36
