0 2
0 43
1 8
1 34
2 4
2 49
3 31
3 61
4 10
4 56
8 14
8 40
9 24
9 42
15 16
15 55
16 6
17 18
17 50
18 48
19 28
19 38
20 47
21 22
21 41
22 44
23 24
23 46
24 12
25 26
25 54
26 51
27 28
27 53
28 45
29 36
29 60
30 3
31 32
31 63
32 9
33 30
33 34
34 59
35 36
35 52
36 7
37 26
37 38
38 22
39 30
39 40
40 13
41 27
41 57
42 11
43 44
43 65
44 25
45 33
45 62
46 20
47 16
47 48
48 32
49 19
49 50
50 37
51 29
51 52
52 23
53 1
53 54
54 66
55 21
55 56
56 18
57 42
57 58
58 5
59 17
59 60
60 39
61 20
61 62
62 46
63 58
63 64
64 35
65 15
65 66
66 64
