0 25
0 47
1 41
1 64
2 5
2 37
3 15
3 33
5 32
5 35
6 18
6 31
9 12
9 20
15 10
15 34
16 13
17 22
17 59
18 29
19 36
19 46
20 11
21 24
21 65
22 28
23 14
23 24
24 1
25 17
25 26
26 42
27 21
27 28
28 18
29 30
29 48
30 39
31 32
31 53
32 26
33 34
33 62
34 54
35 7
35 60
36 4
37 38
37 45
38 40
39 43
39 44
40 36
41 3
41 49
42 8
43 40
43 44
44 19
45 6
45 56
46 20
47 27
47 48
48 51
49 42
49 50
50 30
51 16
51 52
52 66
53 23
53 54
54 52
55 16
55 56
56 46
57 9
57 58
58 50
59 2
59 60
60 38
61 22
61 63
62 57
63 62
63 64
64 58
65 61
65 66
66 55
