0 19
0 27
1 15
1 54
2 31
2 48
3 7
3 8
5 11
5 12
7 40
7 64
8 13
8 14
15 6
15 25
16 47
17 41
17 51
18 49
19 20
19 29
20 62
21 35
21 56
22 60
23 2
23 24
24 16
25 26
25 53
26 18
27 23
27 28
28 50
29 1
29 30
30 28
31 32
31 55
32 22
33 34
33 45
34 22
35 39
35 57
36 66
37 36
37 38
38 4
39 33
39 43
40 42
41 42
41 44
42 37
43 44
43 46
44 9
45 32
45 46
46 61
47 34
47 48
48 3
49 5
49 50
50 10
51 52
51 59
52 38
53 54
53 65
54 18
55 16
55 63
56 24
57 36
57 58
58 26
59 58
59 60
60 20
61 40
61 62
62 52
63 56
63 64
64 17
65 21
65 66
66 30
