0 1
0 2
1 47
1 64
2 23
2 28
3 10
3 17
4 8
4 40
9 29
9 51
10 33
10 34
15 43
15 52
16 7
17 9
17 19
18 31
19 18
19 26
20 16
21 22
21 59
22 38
23 3
23 61
24 60
25 26
25 37
26 20
27 21
27 30
28 4
29 30
29 57
30 28
31 46
31 56
32 5
33 39
33 41
34 50
35 14
35 36
36 42
37 35
37 38
38 11
39 25
39 40
40 49
41 34
41 48
42 22
43 62
43 65
44 6
45 24
45 46
46 15
47 27
47 48
48 42
49 16
49 54
50 13
51 12
51 52
52 58
53 63
53 66
54 50
55 36
55 56
56 53
57 45
57 58
58 55
59 32
59 60
60 18
61 24
61 62
62 44
63 54
63 64
64 44
65 20
65 66
66 32
