0 2
0 61
1 5
1 56
2 3
2 23
3 29
3 36
4 19
4 20
7 9
7 57
10 13
10 14
15 28
15 42
16 43
17 16
17 45
18 62
19 21
19 64
20 51
21 33
21 47
22 6
23 24
23 39
24 8
25 18
25 31
26 20
27 4
27 28
28 17
29 7
29 49
30 40
31 26
31 32
32 22
33 34
33 37
34 55
35 30
35 38
36 16
37 32
37 50
38 36
39 27
39 41
40 26
41 40
41 65
42 1
43 44
43 60
44 24
45 46
45 66
46 12
47 11
47 48
48 52
49 50
49 63
50 54
51 53
51 59
52 46
53 52
53 54
54 38
55 44
55 56
56 22
57 18
57 58
58 42
59 48
59 60
60 34
61 15
61 62
62 10
63 35
63 64
64 30
65 58
65 66
66 25
