0 2
0 39
1 22
1 66
2 3
2 4
3 11
3 63
4 49
4 51
5 10
5 44
12 40
12 58
15 6
15 26
16 45
17 21
17 24
18 1
19 13
19 20
20 48
21 55
21 59
22 42
23 24
23 33
24 64
25 35
25 57
26 17
27 28
27 31
28 29
29 19
29 30
30 7
31 32
31 53
32 54
33 34
33 41
34 28
35 26
35 36
36 15
37 27
37 38
38 34
39 25
39 52
40 14
41 61
41 62
42 30
43 18
43 47
44 20
45 38
45 46
46 56
47 48
47 60
48 9
49 36
49 50
50 8
51 37
51 52
52 46
53 5
53 54
54 12
55 23
55 56
56 40
57 43
57 58
58 16
59 60
59 65
60 44
61 22
61 62
62 42
63 32
63 64
64 16
65 18
65 66
66 50
