0 31
0 38
1 15
1 24
2 5
2 21
3 11
3 23
4 25
4 53
6 42
6 63
12 13
12 57
15 3
15 58
16 50
17 40
17 45
18 8
19 37
19 65
20 39
21 22
21 49
22 28
23 12
23 24
24 19
25 30
25 51
26 62
27 26
27 28
28 18
29 2
29 30
30 7
31 1
31 32
32 26
33 20
33 34
34 60
35 41
35 44
36 47
37 35
37 38
38 29
39 14
39 48
40 9
41 36
41 56
42 64
43 6
43 44
44 4
45 22
45 46
46 34
47 16
47 48
48 40
49 43
49 50
50 33
51 32
51 54
52 10
53 54
53 55
54 52
55 18
55 56
56 42
57 36
57 58
58 59
59 16
59 61
60 20
61 60
61 62
62 66
63 52
63 64
64 27
65 46
65 66
66 17
