0 38
0 57
2 21
2 22
3 49
3 51
4 28
4 54
5 48
5 53
6 39
6 55
10 12
10 16
15 5
15 44
16 52
17 26
17 58
18 11
19 13
19 20
20 14
21 3
21 22
22 35
23 24
23 37
24 19
25 7
25 26
26 15
27 25
27 28
28 17
29 30
29 56
30 40
31 41
31 64
32 66
33 6
33 34
34 45
35 63
35 65
36 18
37 34
37 50
38 1
39 46
39 61
40 31
41 32
41 42
42 43
43 24
43 44
44 23
45 16
45 46
46 60
47 9
47 48
48 20
49 8
49 50
50 38
51 27
51 52
52 36
53 30
53 54
54 59
55 29
55 56
56 32
57 2
57 62
58 18
59 33
59 60
60 47
61 40
61 62
62 58
63 4
63 64
64 42
65 36
65 66
66 10
