0 2
0 37
1 5
1 30
2 33
2 64
4 11
4 58
5 7
5 57
6 56
6 66
7 9
7 36
15 19
15 65
16 38
17 18
17 40
18 23
19 20
19 25
20 13
21 18
21 27
22 4
23 24
23 60
24 48
25 16
25 26
26 6
27 22
27 41
28 31
29 28
29 30
30 26
31 32
31 54
32 3
33 49
33 53
34 20
35 45
35 46
36 62
37 1
37 63
38 14
39 34
39 40
40 42
41 29
41 42
42 44
43 17
43 44
44 24
45 12
45 46
46 36
47 32
47 48
48 15
49 22
49 50
50 10
51 47
51 52
52 8
53 39
53 59
54 61
55 51
55 56
56 16
57 52
57 58
58 28
59 54
59 60
60 55
61 35
61 62
62 43
63 38
63 64
64 21
65 50
65 66
66 34
