0 22
0 29
1 4
1 45
2 35
2 39
4 5
4 54
7 10
7 30
8 21
8 60
10 19
10 26
15 33
15 36
16 11
17 50
17 61
18 24
19 20
19 53
20 18
21 22
21 48
22 31
23 24
23 38
24 3
25 15
25 47
26 14
27 2
27 28
28 41
29 27
29 44
30 58
31 1
31 51
32 37
33 16
33 42
34 18
35 7
35 36
36 23
37 38
37 46
38 43
39 8
39 40
40 17
41 25
41 57
42 56
43 6
43 44
44 49
45 46
45 59
46 65
47 48
47 52
48 12
49 30
49 50
50 34
51 32
51 52
52 63
53 32
53 54
54 28
55 13
55 62
56 66
57 42
57 64
58 40
59 20
59 60
60 16
61 9
61 62
62 56
63 26
63 64
64 58
65 55
65 66
66 34
