0 2
0 31
2 4
2 48
3 40
3 41
4 5
4 63
6 12
6 57
7 44
7 60
8 15
8 38
15 16
15 18
16 34
17 37
17 49
18 39
19 29
19 45
20 24
21 20
21 22
22 11
23 50
23 53
24 30
25 6
25 54
26 28
27 28
27 36
28 43
29 30
29 59
30 32
31 32
31 55
32 18
33 34
33 64
34 35
35 36
35 65
36 20
37 1
37 62
38 16
39 14
39 40
40 7
41 8
41 56
42 26
43 10
43 51
44 9
45 27
45 46
46 26
47 33
47 48
48 19
49 23
49 50
50 24
51 44
51 52
52 22
53 21
53 54
54 58
55 17
55 66
56 42
57 47
57 58
58 46
59 3
59 60
60 42
61 25
61 62
62 38
63 61
63 64
64 52
65 13
65 66
66 56
