0 35
0 37
1 15
1 27
2 20
2 62
4 5
4 34
5 18
5 41
7 11
7 12
12 13
12 46
15 40
15 42
16 2
17 16
17 18
18 8
19 20
19 66
20 64
21 22
21 33
22 32
23 24
23 43
24 21
25 29
25 31
26 24
27 39
27 50
28 14
29 17
29 53
30 65
31 32
31 48
32 7
33 9
33 34
34 6
35 52
35 57
36 4
37 1
37 51
38 36
39 28
39 40
40 36
41 45
41 61
42 16
43 44
43 49
44 63
45 46
45 58
46 28
47 44
47 48
48 56
49 22
49 50
50 47
51 38
51 52
52 25
53 30
53 54
54 23
55 38
55 56
56 30
57 55
57 58
58 60
59 54
59 60
60 42
61 59
61 62
62 19
63 3
63 64
64 10
65 26
65 66
66 26
