0 1
0 24
1 23
1 42
2 17
2 26
3 33
3 46
4 18
4 30
6 15
6 34
10 35
10 56
15 16
15 50
16 8
17 44
17 45
18 25
19 20
19 28
20 6
21 54
21 63
22 62
23 3
23 49
24 43
25 51
25 55
26 64
27 2
27 28
28 36
29 30
29 38
30 52
31 29
31 59
32 53
33 5
33 34
34 16
35 36
35 57
36 37
37 38
37 66
38 48
39 10
39 40
40 31
41 32
41 42
42 47
43 27
43 44
44 18
45 39
45 46
46 20
47 4
47 48
48 32
49 24
49 50
50 58
51 12
51 52
52 21
53 13
53 54
54 11
55 26
55 56
56 22
57 61
57 65
58 7
59 41
59 60
60 19
61 40
61 62
62 60
63 22
63 64
64 9
65 58
65 66
66 14
