0 40
0 51
1 20
1 64
2 7
2 24
3 15
3 66
7 52
7 56
8 19
8 30
12 14
12 61
15 38
15 58
16 35
17 8
17 18
18 39
19 20
19 37
20 60
21 10
21 34
22 13
23 2
23 41
24 17
25 18
25 26
26 11
27 28
27 43
28 62
29 1
29 30
30 12
31 32
31 53
32 45
33 44
33 63
34 48
35 21
35 36
36 6
37 38
37 42
38 57
39 16
39 59
40 29
41 24
41 42
42 55
43 44
43 47
44 22
45 3
45 54
46 5
47 26
47 48
48 28
49 22
49 50
50 46
51 23
51 52
52 9
53 33
53 54
54 46
55 27
55 56
56 65
57 36
57 58
58 16
59 40
59 60
60 32
61 31
61 62
62 49
63 34
63 64
64 4
65 25
65 66
66 50
