0 2
0 43
1 4
1 54
2 36
2 37
3 16
3 26
4 22
4 51
5 10
5 46
10 34
10 40
15 32
15 65
16 5
17 23
17 62
18 11
19 15
19 30
20 1
21 22
21 49
22 57
23 18
23 24
24 45
25 35
25 50
26 6
27 7
27 31
28 3
29 27
29 30
30 20
31 28
31 44
32 24
33 29
33 34
34 25
35 12
35 63
36 55
37 33
37 38
38 42
39 40
39 47
40 48
41 42
41 53
42 18
43 21
43 44
44 32
45 46
45 61
46 64
47 36
47 48
48 60
49 19
49 50
50 56
51 14
51 52
52 9
53 20
53 54
54 28
55 8
55 56
56 26
57 13
57 58
58 52
59 60
59 66
60 38
61 16
61 62
62 41
63 39
63 64
64 59
65 17
65 66
66 58
