0 1
0 2
1 3
1 4
3 18
3 55
4 19
4 39
5 11
5 25
6 15
6 36
8 13
8 14
15 17
15 50
16 44
17 46
17 53
18 26
19 43
19 47
20 61
21 6
21 30
22 18
23 24
23 32
24 40
25 37
25 64
26 24
27 28
27 60
28 21
29 58
29 65
30 49
31 32
31 34
32 28
33 34
33 41
34 23
35 54
35 63
36 10
37 26
37 38
38 36
39 40
39 56
40 35
41 20
41 42
42 27
43 59
43 62
44 5
45 46
45 52
46 16
47 33
47 48
48 29
49 45
49 50
50 20
51 16
51 52
52 22
53 48
53 54
54 38
55 7
55 56
56 42
57 51
57 58
58 22
59 44
59 60
60 31
61 9
61 66
62 57
63 8
63 64
64 12
65 30
65 66
66 62
