0 2
0 27
1 3
1 51
3 15
3 31
6 7
6 43
7 23
7 36
8 38
8 48
11 24
11 52
15 6
15 16
16 9
17 33
17 46
18 8
19 49
19 59
20 13
21 32
21 61
22 28
23 12
23 62
24 19
25 26
25 60
26 20
27 1
27 35
28 10
29 21
29 30
30 53
31 5
31 32
32 34
33 34
33 58
34 30
35 36
35 39
36 11
37 38
37 40
38 64
39 41
39 44
40 20
41 42
41 63
42 56
43 18
43 44
44 40
45 17
45 46
46 18
47 50
47 54
48 22
49 45
49 50
50 48
51 25
51 52
52 29
53 42
53 65
54 14
55 28
55 56
56 22
57 37
57 58
58 26
59 57
59 60
60 4
61 47
61 62
62 24
63 55
63 64
64 66
65 54
65 66
66 16
