0 2
0 15
1 39
1 55
2 20
2 63
4 11
4 12
6 8
6 51
7 10
7 30
11 19
11 25
15 16
15 43
16 33
17 4
17 18
18 53
19 28
19 66
20 5
21 9
21 47
22 59
23 26
23 37
24 31
25 13
25 42
26 49
27 24
27 65
28 58
29 17
29 38
30 21
31 40
31 50
32 28
33 7
33 34
34 30
35 1
35 41
36 45
37 38
37 61
38 36
39 23
39 40
40 48
41 36
41 42
42 26
43 35
43 44
44 20
45 34
45 46
46 27
47 22
47 62
48 32
49 24
49 52
50 16
51 56
51 57
52 50
53 46
53 54
54 60
55 29
55 56
56 52
57 18
57 64
58 54
59 3
59 60
60 14
61 22
61 62
62 48
63 6
63 64
64 58
65 32
65 66
66 44
