0 1
0 22
1 21
1 36
2 3
2 58
4 16
4 32
6 37
6 43
7 11
7 39
8 13
8 42
15 4
15 18
16 40
17 34
17 59
18 44
19 35
19 57
20 28
21 6
21 22
22 24
23 38
23 41
24 20
25 26
25 49
26 23
27 9
27 28
28 64
29 27
29 50
30 56
31 18
31 32
32 7
33 24
33 34
34 48
35 36
35 62
36 25
37 47
37 60
38 33
39 12
39 40
40 8
41 42
41 45
42 14
43 44
43 52
44 16
45 20
45 65
46 30
47 17
47 48
48 30
49 5
49 50
50 66
51 19
51 52
52 29
53 54
53 55
54 10
55 46
55 56
56 31
57 26
57 58
58 15
59 60
59 61
60 63
61 51
61 62
62 54
63 38
63 64
64 2
65 46
65 66
66 53
