0 25
0 35
1 44
1 60
2 3
2 29
3 48
3 66
6 7
6 51
7 15
7 21
8 36
8 46
15 9
15 16
16 55
17 6
17 42
18 5
19 26
19 65
20 17
21 10
21 45
22 11
23 24
23 37
24 58
25 26
25 50
26 40
27 20
27 28
28 14
29 62
29 64
30 16
31 32
31 38
32 23
33 1
33 34
34 18
35 2
35 57
36 31
37 22
37 38
38 49
39 34
39 40
40 4
41 20
41 56
42 39
43 33
43 44
44 30
45 32
45 52
46 22
47 24
47 54
48 18
49 47
49 50
50 59
51 8
51 52
52 46
53 61
53 63
54 48
55 13
55 56
56 42
57 53
57 58
58 12
59 43
59 60
60 28
61 36
61 62
62 19
63 54
63 64
64 30
65 41
65 66
66 27
