0 1
0 21
1 9
1 17
2 3
2 23
3 47
3 51
4 8
4 42
6 11
6 31
8 35
8 49
15 12
15 46
16 64
17 10
17 36
18 6
19 20
19 48
20 16
21 2
21 60
22 52
23 4
23 59
24 15
25 22
25 29
26 19
27 22
27 58
28 24
29 26
29 30
30 44
31 24
31 32
32 55
33 34
33 43
34 66
35 33
35 36
36 30
37 34
37 38
38 16
39 40
39 65
40 14
41 37
41 57
42 26
43 53
43 54
44 63
45 25
45 46
46 62
47 5
47 48
48 27
49 13
49 50
50 18
51 18
51 52
52 38
53 44
53 54
54 40
55 41
55 56
56 7
57 42
57 58
58 28
59 39
59 60
60 45
61 28
61 62
62 20
63 50
63 64
64 56
65 32
65 66
66 61
