0 1
0 18
1 17
1 38
2 22
2 23
4 6
4 32
6 30
6 50
8 9
8 20
9 11
9 36
15 19
15 27
16 13
17 18
17 58
18 41
19 33
19 40
20 10
21 22
21 49
22 62
23 25
23 45
24 60
25 26
25 57
26 63
27 39
27 52
28 20
29 37
29 48
30 8
31 15
31 32
32 44
33 16
33 35
34 26
35 34
35 61
36 12
37 30
37 38
38 42
39 2
39 40
40 21
41 31
41 54
42 14
43 4
43 46
44 56
45 46
45 47
46 44
47 24
47 48
48 55
49 34
49 50
50 24
51 3
51 52
52 59
53 43
53 54
54 66
55 28
55 56
56 5
57 58
57 64
58 16
59 28
59 60
60 7
61 36
61 62
62 51
63 64
63 65
64 53
65 29
65 66
66 42
