Minimum level: 4
Runtime (sec): 417.9107048329897
Support network with minimum level
37 51
37 94
51 80
94 38
93 46
46 21
107 108
108 36
91 92
92 81
19 31
31 74
85 5
85 106
5 71
5 45
106 86
105 9
9 29
9 54
52 87
87 88
87 3
45 93
88 96
58 49
49 78
41 47
41 44
47 73
47 77
44 85
43 61
61 97
62 56
56 38
96 56
22 84
84 39
83 84
30 50
50 37
21 69
69 75
59 60
60 32
27 28
27 67
28 34
67 68
39 8
81 82
34 76
95 34
48 90
90 58
89 90
72 22
99 25
25 101
76 100
100 52
26 16
16 6
78 83
77 48
82 20
74 32
73 74
80 42
42 70
79 2
2 35
2 107
64 1
36 98
98 102
97 98
29 30
23 24
24 40
6 18
18 7
103 72
68 104
104 13
102 11
7 55
7 27
55 62
55 12
71 103
54 68
32 89
38 10
33 95
33 53
53 63
17 23
17 26
101 105
75 15
15 19
15 65
70 17
57 41
63 64
86 66
40 33
65 59
66 14
20 99
35 4
35 91
4 57
4 43
0 79
