Minimum level: 2
Runtime (sec): 159.07209454197437
Support network with minimum level
2 61
61 25
37 38
37 29
38 69
29 74
29 30
46 8
8 73
8 9
78 49
49 17
24 1
1 47
1 19
30 26
26 66
21 58
58 12
57 55
55 68
68 65
65 56
44 20
20 78
32 20
70 46
45 42
42 28
23 48
48 31
72 48
27 41
27 59
41 2
41 45
59 75
17 37
79 18
79 80
18 57
80 81
39 50
50 40
60 32
4 54
54 6
53 82
82 40
81 36
36 56
35 77
77 33
31 43
56 5
66 22
64 44
43 62
62 79
25 67
71 3
63 72
52 64
67 23
69 70
69 53
73 10
74 22
40 34
9 11
15 16
16 21
28 24
19 35
19 51
51 76
75 60
76 4
33 52
34 7
47 71
47 63
5 13
5 14
0 27
0 15
22 39
