Minimum level: 6
Runtime (sec): 2.421755540999584
Support network with minimum level
63 101
63 64
101 77
101 102
64 96
37 94
94 58
107 108
108 60
89 93
93 107
17 29
17 57
29 23
57 51
80 86
86 56
85 16
16 61
21 90
90 28
32 74
74 28
73 70
70 48
47 30
30 20
99 100
100 83
81 82
82 49
103 104
104 13
6 14
60 15
0 63
79 19
79 80
19 25
19 65
55 31
31 17
20 5
91 92
92 98
5 84
84 7
83 66
66 10
7 26
26 50
25 41
41 2
96 91
95 24
24 43
65 81
56 33
48 56
69 73
69 71
71 85
71 72
27 47
67 68
68 32
105 44
44 4
15 106
15 55
106 69
43 45
43 105
45 27
98 8
97 98
40 62
62 35
50 9
54 50
36 18
18 34
4 22
22 40
33 34
34 37
61 75
61 97
2 39
10 42
42 52
58 38
38 103
52 12
51 46
46 87
77 79
77 78
102 1
87 88
88 67
39 21
39 59
28 48
49 11
53 54
76 36
78 32
72 99
23 95
75 3
75 76
59 89
35 6
35 53
