0 16
0 17
1 6
1 70
2 32
2 99
3 66
3 75
6 15
6 39
7 27
7 35
8 19
8 51
15 23
15 37
16 85
17 29
17 41
18 102
19 45
19 69
20 18
21 49
21 55
22 86
23 40
23 53
24 3
25 26
25 81
26 28
27 72
27 100
28 101
29 30
29 93
30 63
31 52
31 71
32 4
33 38
33 74
34 25
35 21
35 36
36 5
37 16
37 47
38 68
39 60
39 88
40 54
41 1
41 65
42 10
43 57
43 82
44 42
45 90
45 95
46 26
47 38
47 61
48 18
49 33
49 105
50 96
51 22
51 106
52 92
53 24
53 54
54 34
55 56
55 89
56 9
57 50
57 58
58 52
59 43
59 60
60 87
61 48
61 62
62 24
63 36
63 64
64 83
65 44
65 103
66 13
67 73
67 79
68 76
69 70
69 94
70 77
71 72
71 80
72 97
73 59
73 74
74 34
75 31
75 76
76 22
77 30
77 78
78 2
79 68
79 80
80 84
81 8
81 82
82 64
83 44
83 84
84 32
85 67
85 86
86 98
87 7
87 88
88 40
89 42
89 90
90 20
91 66
91 92
92 14
93 20
93 94
94 48
95 46
95 96
96 78
97 98
97 104
98 11
99 46
99 100
100 28
101 62
101 102
102 12
103 91
103 104
104 56
105 50
105 106
106 58
