0 1
0 89
1 69
1 92
2 83
2 99
3 46
3 64
5 26
5 27
7 18
7 97
8 58
8 71
15 2
15 16
16 21
17 48
17 96
18 28
19 91
19 103
20 5
21 30
21 104
22 45
23 24
23 85
24 42
25 26
25 51
26 33
27 28
27 102
28 57
29 22
29 30
30 60
31 22
31 34
32 11
33 39
33 98
34 32
35 15
35 59
36 47
37 43
37 81
38 3
39 53
39 82
40 55
41 90
41 95
42 16
43 44
43 79
44 40
45 20
45 70
46 73
47 34
47 101
48 18
49 35
49 50
50 36
51 52
51 76
52 38
53 36
53 54
54 77
55 50
55 87
56 78
57 10
57 58
58 74
59 40
59 72
60 17
61 56
61 62
62 94
63 31
63 105
64 67
65 6
65 66
66 54
67 23
67 68
68 8
69 24
69 70
70 46
71 12
71 80
72 60
73 20
73 74
74 32
75 66
75 76
76 4
77 14
77 78
78 13
79 49
79 86
80 72
81 52
81 82
82 44
83 25
83 84
84 29
85 65
85 86
86 80
87 61
87 88
88 68
89 41
89 90
90 42
91 63
91 92
92 75
93 7
93 100
94 88
95 19
95 96
96 56
97 9
97 98
98 62
99 38
99 100
100 94
101 102
101 106
102 93
103 37
103 104
104 84
105 64
105 106
106 48
