0 1
0 41
1 59
1 75
3 6
3 20
4 73
4 77
5 55
5 66
6 38
6 40
12 13
12 94
15 16
15 95
16 25
17 12
17 99
18 28
19 29
19 84
20 72
21 48
21 81
22 60
23 36
23 45
24 34
25 35
25 47
26 10
27 28
27 31
28 54
29 30
29 89
30 50
31 42
31 82
32 8
33 34
33 53
34 26
35 39
35 52
36 9
37 38
37 61
38 19
39 36
39 91
40 102
41 42
41 100
42 32
43 56
43 88
44 24
45 90
45 103
46 5
47 48
47 51
48 83
49 18
49 50
50 20
51 52
51 71
52 63
53 32
53 106
54 67
55 33
55 76
56 44
57 15
57 58
58 96
59 60
59 97
60 80
61 21
61 62
62 46
63 23
63 79
64 49
65 24
65 92
66 68
67 22
67 68
68 58
69 30
69 70
70 64
71 26
71 101
72 46
73 17
73 74
74 37
75 3
75 76
76 56
77 11
77 93
78 7
79 70
79 80
80 44
81 2
81 82
82 64
83 22
83 84
84 69
85 54
85 86
86 18
87 14
87 88
88 27
89 16
89 90
90 98
91 40
91 92
92 66
93 78
93 105
94 87
95 74
95 96
96 78
97 4
97 98
98 65
99 86
99 100
100 57
101 72
101 102
102 104
103 62
103 104
104 43
105 94
105 106
106 85
