Minimum level: 4
Runtime (sec): 4.774248542031273
Support network with minimum level
19 33
19 38
33 63
38 30
37 15
15 51
15 4
49 37
55 50
50 54
57 56
56 39
0 58
0 47
58 2
47 65
26 32
32 20
54 32
4 6
6 7
6 8
51 52
52 29
41 42
42 16
67 68
68 48
20 23
21 5
5 22
22 28
23 24
23 13
24 61
53 17
17 10
63 64
59 36
36 11
61 62
61 34
62 60
34 18
64 66
65 31
7 35
7 19
35 12
35 43
29 21
30 67
43 59
16 44
44 60
28 53
18 40
40 16
39 28
60 9
48 45
45 14
12 25
12 27
31 1
31 46
66 48
27 57
25 26
25 41
1 3
1 49
46 55
