Minimum level: 4
Runtime (sec): 28.143452791962773
Support network with minimum level
63 47
63 64
47 50
64 94
37 38
38 15
29 77
77 104
61 17
61 96
17 2
96 69
95 108
108 85
107 74
74 68
67 35
35 36
35 61
40 32
32 100
7 52
52 28
51 59
59 92
92 80
80 40
79 48
48 5
82 48
8 57
8 86
57 14
86 13
85 109
109 110
110 58
36 16
31 73
31 19
73 103
73 43
19 101
19 20
0 1
0 31
68 102
93 68
94 30
21 87
21 78
87 60
78 66
104 37
103 105
105 107
2 81
58 18
18 6
102 42
101 39
39 29
39 55
28 10
98 45
45 21
23 33
33 53
88 24
24 7
6 23
6 27
27 11
55 93
55 56
44 84
84 99
83 79
91 41
41 90
60 88
76 12
53 62
89 76
90 54
42 46
97 4
30 98
66 22
22 8
5 22
49 26
26 67
50 83
16 71
71 82
54 34
34 40
106 34
43 106
69 70
70 44
62 91
46 51
56 75
3 72
72 58
81 97
100 9
99 16
65 3
75 89
75 95
20 65
25 49
15 63
15 25
