Minimum level: 2
Runtime (sec): 0.2903248749789782
Support network with minimum level
42 64
64 77
79 80
80 62
61 38
38 53
37 20
20 71
6 82
82 30
81 14
33 63
33 18
63 79
18 50
21 68
68 35
67 52
52 24
51 73
73 69
75 45
75 76
45 49
76 22
65 66
66 47
7 48
48 56
47 43
43 13
43 58
32 12
30 8
41 42
71 72
72 39
15 26
26 3
31 32
2 11
58 74
57 16
16 75
3 51
50 9
49 10
22 46
46 2
74 44
44 40
78 44
35 61
35 36
36 41
29 67
1 59
59 23
59 60
27 28
27 21
28 15
69 33
55 70
70 5
56 81
54 34
34 6
19 37
19 17
17 27
24 54
23 4
23 29
60 54
53 25
25 65
25 31
62 55
4 19
77 7
77 78
40 62
39 57
0 1
