0 2
0 33
1 46
1 58
2 24
2 25
3 43
3 66
5 87
5 98
7 15
7 85
9 12
9 29
15 90
15 104
16 6
17 54
17 65
18 14
19 96
19 97
20 4
21 61
21 105
22 20
23 1
23 103
24 47
25 68
25 75
26 13
27 45
27 71
28 51
29 11
29 69
30 38
31 27
31 41
32 63
33 23
33 34
34 8
35 21
35 36
36 18
37 5
37 42
38 28
39 40
39 74
40 106
41 32
41 44
42 38
43 26
43 44
44 93
45 28
45 46
46 78
47 16
47 48
48 52
49 50
49 57
50 102
51 55
51 64
52 110
53 7
53 54
54 88
55 39
55 56
56 80
57 34
57 109
58 73
59 49
59 60
60 42
61 22
61 62
62 10
63 50
63 111
64 52
65 66
65 72
66 108
67 68
67 83
68 99
69 30
69 89
70 36
71 35
71 72
72 3
73 17
73 74
74 24
75 67
75 84
76 37
77 78
77 94
78 48
79 62
79 80
80 20
81 30
81 82
82 70
83 95
83 100
84 76
85 86
85 107
86 112
87 53
87 92
88 86
89 82
89 90
90 77
91 16
91 92
92 88
93 60
93 94
94 91
95 84
95 96
96 56
97 31
97 98
98 59
99 26
99 100
100 19
101 64
101 102
102 70
103 81
103 104
104 9
105 76
105 106
106 79
107 40
107 108
108 32
109 58
109 110
110 22
111 101
111 112
112 18
