0 46
0 61
1 8
1 44
2 57
2 77
3 5
3 35
6 10
6 49
9 12
9 20
10 14
10 19
15 52
15 87
16 32
17 50
17 102
18 9
19 37
19 55
20 36
21 80
21 108
22 7
23 59
23 112
24 104
25 30
25 75
26 6
27 25
27 28
28 22
29 56
29 63
30 110
31 32
31 71
32 68
33 42
33 47
34 24
35 48
35 99
36 11
37 43
37 85
38 18
39 31
39 93
40 34
41 42
41 88
42 98
43 45
43 64
44 34
45 13
45 100
46 74
47 39
47 48
48 106
49 23
49 86
50 4
51 1
51 79
52 81
53 52
53 54
54 90
55 29
55 56
56 84
57 33
57 70
58 22
59 67
59 73
60 69
61 2
61 95
62 27
63 101
63 111
64 44
65 66
65 72
66 107
67 24
67 82
68 66
69 16
69 70
70 58
71 76
71 103
72 53
73 60
73 74
74 15
75 76
75 91
76 3
77 62
77 105
78 68
79 65
79 89
80 94
81 16
81 96
82 78
83 36
83 84
84 30
85 38
85 86
86 50
87 51
87 88
88 18
89 90
89 92
90 60
91 26
91 92
92 80
93 40
93 97
94 54
95 62
95 96
96 109
97 94
97 98
98 40
99 26
99 100
100 46
101 64
101 102
102 41
103 72
103 104
104 58
105 78
105 106
106 83
107 17
107 108
108 28
109 82
109 110
110 21
111 20
111 112
112 38
