Minimum level: 3
Runtime (sec): 0.2924890409922227
Support network with minimum level
22 94
94 20
93 78
78 86
41 40
40 45
61 40
70 62
62 28
33 35
35 36
37 34
34 28
59 38
38 84
66 60
60 92
32 16
16 30
48 16
44 58
58 14
57 97
97 23
17 37
17 57
86 42
85 89
89 68
28 54
54 98
75 76
76 79
77 93
21 27
21 66
27 1
65 52
52 95
19 5
5 55
5 18
1 3
69 70
69 82
82 43
81 21
42 80
80 49
79 72
72 2
71 25
25 91
25 77
55 12
18 11
45 46
46 31
3 33
3 6
83 47
47 17
47 87
84 64
49 24
98 50
23 29
29 41
30 56
15 39
39 61
39 83
36 9
24 19
50 32
87 51
51 65
51 67
67 88
88 96
68 81
96 90
90 73
53 71
53 75
4 69
20 48
73 74
74 8
2 7
7 59
7 15
92 26
26 63
91 26
31 4
56 44
95 22
43 13
63 64
64 10
0 85
0 53
