Minimum level: 1
Runtime (sec): 0.3791297500138171
Support network with minimum level
46 40
40 8
4 38
38 7
37 16
16 48
2 18
18 55
17 29
29 35
0 23
0 2
23 45
35 71
35 72
71 36
72 25
36 20
19 65
65 17
65 66
45 53
45 70
53 69
53 54
70 39
69 49
49 46
66 20
41 67
67 58
6 14
6 28
28 22
27 3
3 21
48 34
34 26
50 34
68 32
32 37
15 13
57 15
58 43
64 68
61 11
21 62
21 6
62 31
24 51
51 41
9 63
9 59
63 64
63 12
59 61
42 50
39 24
60 30
30 22
22 57
31 60
26 4
25 52
52 10
44 5
54 47
43 42
55 27
55 56
56 9
1 19
20 33
47 1
33 44
