Minimum level: 2
Runtime (sec): 1.32328645902453
Support network with minimum level
37 75
75 31
75 85
76 38
38 21
57 89
89 90
58 54
54 45
30 86
86 20
85 76
2 55
55 63
55 71
49 53
53 25
72 50
50 39
0 37
0 17
17 49
43 59
59 74
27 40
27 9
40 44
9 77
9 73
56 26
26 81
80 26
19 5
5 67
5 30
79 80
90 8
74 60
60 64
48 32
32 41
31 34
34 69
33 34
41 28
28 84
52 42
42 12
88 20
20 35
83 23
23 65
23 29
84 61
1 57
77 78
77 87
78 82
87 13
46 36
36 4
35 24
24 7
65 66
66 14
61 62
62 6
68 62
70 46
22 46
25 2
71 56
71 72
29 10
73 16
21 3
3 83
3 27
63 22
64 58
15 79
16 18
44 33
4 11
4 52
67 15
39 43
51 48
47 88
82 68
81 47
69 1
69 70
45 19
18 51
