Minimum level: 4
Runtime (sec): 17.66984633298125
Support network with minimum level
54 96
96 73
95 96
84 36
36 65
37 17
17 21
66 38
38 20
2 107
2 57
107 55
57 15
20 75
19 86
86 49
85 108
108 72
55 88
55 3
0 23
0 2
23 1
23 105
78 80
80 14
103 104
104 90
21 59
59 19
4 5
4 109
5 8
109 89
109 110
26 70
70 18
69 102
102 100
101 60
60 26
31 32
32 67
76 34
34 30
48 46
46 76
92 46
62 84
83 48
47 42
42 93
77 78
29 78
30 94
39 61
61 81
61 10
8 40
40 52
35 28
35 99
28 50
99 41
94 16
16 12
45 83
63 7
63 98
98 64
97 33
33 35
33 92
93 94
64 56
56 44
88 56
72 63
49 72
50 91
89 69
110 27
1 39
87 45
75 11
9 47
9 53
53 25
53 54
18 6
67 68
68 44
43 29
105 24
105 106
24 82
106 71
25 101
41 77
100 74
15 79
15 4
51 58
58 31
52 95
79 87
79 103
82 37
81 82
73 62
74 26
90 22
22 9
27 97
44 66
71 51
71 85
65 13
91 43
