Minimum level: 6
Runtime (sec): 10126.744745625008
Support network with minimum level
31 13
31 45
45 32
69 29
29 35
43 70
43 37
70 73
37 63
35 91
15 16
15 53
16 28
53 64
4 21
21 54
88 86
86 95
63 79
79 80
79 47
64 9
54 22
80 40
40 85
85 5
5 89
5 69
87 88
87 65
65 66
65 41
47 27
47 55
27 2
27 101
55 50
56 22
22 33
24 18
18 15
3 46
46 10
32 49
19 61
61 3
91 67
67 68
59 92
92 60
20 48
48 44
100 94
94 44
93 42
42 57
98 42
103 83
83 100
49 104
104 77
52 20
36 72
72 52
71 24
23 19
10 38
84 74
74 62
97 98
1 25
25 90
57 58
58 30
33 34
34 7
81 82
81 17
82 8
17 99
41 93
41 14
62 12
28 31
76 28
2 26
101 102
0 51
0 1
51 81
96 11
68 71
38 96
60 36
95 6
99 39
39 43
44 84
89 87
102 75
75 76
77 78
78 52
50 59
66 56
30 23
26 4
90 56
73 103
73 97
