Minimum level: 3
Runtime (sec): 2.2586316670058295
Support network with minimum level
37 65
65 14
66 38
38 39
89 5
5 21
5 7
43 90
90 50
30 44
44 58
19 51
51 17
15 20
20 48
84 16
16 25
57 69
57 80
69 82
80 34
79 64
64 54
53 26
26 6
45 91
91 46
0 71
71 33
85 86
86 2
27 76
27 53
76 28
81 83
83 22
82 70
58 27
49 75
49 10
75 85
62 40
40 12
39 36
36 55
35 8
8 59
8 9
28 13
34 54
78 34
63 79
23 24
23 73
24 74
73 49
1 89
1 87
87 29
87 88
7 63
7 84
22 52
21 61
61 31
61 92
70 30
29 67
67 68
77 78
25 47
47 41
48 37
88 11
9 56
56 62
55 18
18 72
17 1
31 35
31 32
92 62
46 66
2 81
60 15
72 3
50 77
41 43
41 42
42 57
33 19
74 60
68 60
59 23
32 45
54 28
52 4
