0 16
0 37
1 19
1 20
2 35
2 62
3 31
3 75
4 6
4 61
9 66
9 84
12 45
12 50
15 16
15 41
16 33
17 28
17 29
18 38
19 65
19 72
20 77
21 25
21 42
22 48
23 24
23 36
24 18
25 27
25 74
26 70
27 28
27 40
28 58
29 26
29 44
30 80
31 32
31 39
32 4
33 23
33 68
34 30
35 57
35 63
36 1
37 51
37 59
38 11
39 40
39 52
40 53
41 2
41 42
42 56
43 7
43 83
44 30
45 46
45 73
46 67
47 48
47 64
48 82
49 38
49 50
50 14
51 49
51 52
52 79
53 34
53 54
54 26
55 13
55 56
56 76
57 9
57 58
58 55
59 15
59 71
60 20
61 5
61 62
62 69
63 36
63 64
64 78
65 22
65 66
66 12
67 3
67 68
68 34
69 10
69 70
70 24
71 60
71 72
72 60
73 17
73 74
74 22
75 47
75 76
76 8
77 46
77 78
78 43
79 21
79 80
80 54
81 18
81 82
82 32
83 44
83 84
84 81
