0 30
0 43
1 4
1 83
2 28
2 33
4 29
4 42
6 9
6 61
8 38
8 71
9 11
9 24
15 32
15 37
16 2
17 31
17 65
18 40
19 20
19 77
20 57
21 27
21 54
22 6
23 24
23 25
24 45
25 35
25 69
26 58
27 22
27 67
28 60
29 22
29 30
30 21
31 20
31 32
32 70
33 34
33 78
34 72
35 15
35 56
36 62
37 38
37 49
38 82
39 23
39 40
40 16
41 12
41 55
42 74
43 1
43 79
44 7
45 41
45 47
46 19
47 46
47 68
48 18
49 46
49 63
50 51
51 3
51 52
52 64
53 54
53 80
54 16
55 56
55 84
56 36
57 26
57 58
58 59
59 18
59 60
60 52
61 39
61 62
62 13
63 50
63 64
64 44
65 34
65 66
66 53
67 28
67 68
68 48
69 70
69 73
70 48
71 14
71 72
72 5
73 26
73 74
74 81
75 66
75 76
76 42
77 10
77 78
78 8
79 75
79 80
80 44
81 17
81 82
82 36
83 50
83 84
84 76
