0 15
0 47
1 33
1 66
2 3
2 48
4 16
4 46
6 28
6 77
8 34
8 61
11 22
11 73
15 2
15 51
16 56
17 25
17 65
18 83
19 23
19 55
20 27
21 62
21 79
22 13
23 24
23 40
24 54
25 24
25 43
26 35
27 30
27 53
28 18
29 37
29 38
30 26
31 32
31 49
32 72
33 29
33 57
34 52
35 36
35 84
36 7
37 30
37 59
38 19
39 40
39 60
40 45
41 20
41 42
42 9
43 39
43 44
44 36
45 46
45 68
46 5
47 21
47 48
48 4
49 50
49 69
50 8
51 16
51 52
52 11
53 28
53 54
54 10
55 32
55 56
56 6
57 34
57 64
58 44
59 38
59 60
60 76
61 12
61 62
62 22
63 18
63 64
64 67
65 63
65 71
66 50
67 74
67 82
68 41
69 1
69 70
70 66
71 70
71 80
72 58
73 20
73 74
74 58
75 17
75 81
76 26
77 75
77 78
78 68
79 31
79 80
80 72
81 76
81 82
82 78
83 42
83 84
84 14
