0 2
0 72
2 3
2 81
3 31
3 75
4 5
4 79
8 73
8 83
9 43
9 78
11 23
11 71
15 20
15 50
16 70
17 11
17 18
18 39
19 16
19 37
20 80
21 40
21 57
22 30
23 13
23 56
24 4
25 12
25 48
26 34
27 15
27 28
28 18
29 7
29 58
30 82
31 61
31 76
32 51
33 49
33 53
34 32
35 8
35 36
36 60
37 38
37 42
38 44
39 40
39 66
40 22
41 42
41 64
42 20
43 54
43 59
44 6
45 46
45 55
46 21
47 44
47 48
48 26
49 62
49 69
50 19
51 38
51 74
52 1
53 32
53 54
54 67
55 28
55 68
56 24
57 29
57 58
58 30
59 47
59 60
60 17
61 62
61 63
62 50
63 16
63 84
64 77
65 27
65 66
66 46
67 36
67 68
68 56
69 34
69 70
70 45
71 65
71 72
72 52
73 41
73 74
74 52
75 35
75 76
76 33
77 9
77 78
78 25
79 26
79 80
80 14
81 22
81 82
82 24
83 10
83 84
84 64
