0 2
0 78
2 39
2 52
4 31
4 45
5 7
5 57
6 10
6 53
7 20
7 42
9 12
9 56
15 21
15 50
16 70
17 14
17 46
18 34
19 16
19 38
20 28
21 41
21 68
22 29
23 40
23 69
24 84
25 64
25 80
26 66
27 8
27 54
28 76
29 47
29 48
30 28
31 32
31 55
32 49
33 72
33 83
34 13
35 18
35 36
36 43
37 23
37 38
38 20
39 40
39 79
40 4
41 19
41 42
42 58
43 33
43 67
44 30
45 5
45 81
46 18
47 48
47 61
48 82
49 35
49 50
50 51
51 1
51 74
52 3
53 36
53 54
54 30
55 6
55 56
56 11
57 25
57 58
58 32
59 27
59 60
60 44
61 60
61 62
62 26
63 64
63 75
64 77
65 44
65 66
66 9
67 65
67 68
68 24
69 24
69 71
70 26
71 70
71 72
72 34
73 22
73 74
74 52
75 46
75 76
76 17
77 62
77 78
78 15
79 37
79 80
80 22
81 63
81 82
82 59
83 16
83 84
84 73
