0 29
0 65
1 15
1 71
2 45
2 80
3 38
3 48
4 31
4 32
6 30
6 72
12 56
12 58
15 4
15 16
16 25
17 2
17 33
18 37
19 49
19 68
20 10
21 27
21 43
22 3
23 24
23 75
24 13
25 26
25 47
26 41
27 28
27 44
28 74
29 1
29 30
30 67
31 11
31 32
32 63
33 54
33 66
34 19
35 22
35 36
36 22
37 61
37 84
38 26
39 18
39 40
40 57
41 34
41 42
42 12
43 40
43 44
44 51
45 16
45 52
46 53
47 60
47 77
48 20
49 9
49 82
50 20
51 52
51 59
52 46
53 78
53 81
54 34
55 6
55 56
56 24
57 36
57 62
58 14
59 39
59 69
60 48
61 46
61 62
62 58
63 64
63 73
64 83
65 66
65 70
66 23
67 8
67 68
68 50
69 70
69 76
70 17
71 21
71 72
72 7
73 28
73 74
74 42
75 64
75 76
76 60
77 5
77 79
78 38
79 78
79 80
80 55
81 54
81 82
82 50
83 18
83 84
84 35
