0 17
0 71
1 8
1 35
2 3
2 4
4 25
4 57
5 26
5 37
8 12
8 19
9 13
9 68
15 30
15 42
16 22
17 21
17 75
18 24
19 11
19 31
20 23
21 22
21 29
22 59
23 15
23 63
24 7
25 6
25 39
26 47
27 28
27 32
28 2
29 48
29 69
30 51
31 27
31 32
32 20
33 46
33 74
34 10
35 36
35 49
36 28
37 76
37 80
38 16
39 26
39 40
40 53
41 66
41 79
42 18
43 5
43 44
44 9
45 44
45 72
46 56
47 48
47 54
48 30
49 33
49 78
50 40
51 41
51 52
52 62
53 54
53 58
54 16
55 36
55 56
56 60
57 61
57 67
58 70
59 60
59 82
60 34
61 50
61 64
62 24
63 64
63 77
64 84
65 43
65 66
66 38
67 58
67 68
68 14
69 18
69 70
70 65
71 72
71 73
72 46
73 1
73 74
74 20
75 55
75 76
76 45
77 52
77 78
78 50
79 80
79 83
80 81
81 38
81 82
82 34
83 42
83 84
84 62
