0 16
0 33
1 3
1 19
2 11
2 12
3 7
3 42
4 39
4 59
5 10
5 64
6 14
6 30
15 21
15 51
16 18
17 5
17 53
18 46
19 27
19 75
20 62
21 23
21 28
22 9
23 26
23 35
24 45
25 48
25 56
26 68
27 61
27 82
28 22
29 24
29 30
30 72
31 17
31 80
32 8
33 79
33 81
34 28
35 16
35 70
36 34
37 31
37 38
38 36
39 37
39 41
40 32
41 42
41 60
42 65
43 1
43 44
44 29
45 46
45 52
46 78
47 25
47 48
48 26
49 40
49 50
50 44
51 52
51 66
52 74
53 57
53 58
54 76
55 20
55 56
56 24
57 58
57 77
58 54
59 71
59 73
60 49
61 20
61 67
62 15
63 36
63 64
64 84
65 40
65 66
66 47
67 68
67 83
68 69
69 50
69 70
70 54
71 60
71 72
72 13
73 55
73 74
74 6
75 4
75 76
76 63
77 18
77 78
78 2
79 43
79 80
80 32
81 38
81 82
82 34
83 62
83 84
84 22
