0 1
0 77
2 23
2 41
4 6
4 83
5 8
5 16
7 10
7 54
8 15
8 21
11 13
11 58
15 49
15 63
16 7
17 22
17 66
18 76
19 26
19 74
20 14
21 29
21 33
22 67
23 45
23 60
24 53
25 26
25 50
26 20
27 46
27 47
28 73
29 30
29 59
30 42
31 40
31 71
32 78
33 22
33 34
34 31
35 3
35 36
36 11
37 44
37 56
38 36
39 40
39 79
40 38
41 42
41 43
42 12
43 48
43 51
44 19
45 46
45 65
46 39
47 17
47 84
48 44
49 50
49 55
50 62
51 35
51 52
52 4
53 18
53 54
54 69
55 27
55 56
56 38
57 2
57 58
58 68
59 34
59 60
60 72
61 48
61 81
62 24
63 28
63 64
64 30
65 52
65 80
66 16
67 24
67 82
68 20
69 32
69 70
70 18
71 32
71 75
72 25
73 70
73 74
74 64
75 72
75 76
76 37
77 57
77 78
78 9
79 28
79 80
80 66
81 62
81 82
82 68
83 5
83 84
84 61
