0 75
0 79
1 41
1 76
2 31
2 61
3 42
3 45
4 34
4 50
7 9
7 39
9 64
9 66
15 21
15 29
16 36
17 12
17 18
18 10
19 28
19 43
20 68
21 26
21 38
22 2
23 22
23 74
24 62
25 27
25 70
26 7
27 28
27 80
28 3
29 30
29 53
30 8
31 46
31 49
32 17
33 18
33 55
34 72
35 36
35 69
36 20
37 38
37 63
38 23
39 40
39 82
40 48
41 19
41 42
42 84
43 25
43 54
44 47
45 15
45 73
46 57
47 48
47 77
48 30
49 50
49 51
50 14
51 6
51 52
52 11
53 54
53 58
54 44
55 34
55 71
56 22
57 44
57 58
58 16
59 40
59 60
60 46
61 5
61 62
62 78
63 26
63 64
64 32
65 16
65 66
66 24
67 56
67 68
68 13
69 67
69 70
70 37
71 56
71 72
72 65
73 60
73 74
74 24
75 35
75 81
76 4
77 32
77 78
78 52
79 80
79 83
80 20
81 76
81 82
82 33
83 1
83 84
84 59
