0 1
0 2
1 3
1 23
2 13
2 14
3 17
3 20
5 22
5 32
7 21
7 82
8 54
8 68
15 4
15 48
16 67
17 45
17 59
18 56
19 51
19 74
20 65
21 60
21 66
22 34
23 24
23 47
24 70
25 55
25 57
26 9
27 24
27 28
28 37
29 30
29 52
30 76
31 18
31 71
32 7
33 39
33 53
34 81
35 16
35 80
36 40
37 18
37 38
38 44
39 5
39 40
40 26
41 33
41 64
42 30
43 11
43 44
44 78
45 31
45 46
46 35
47 19
47 83
48 16
49 6
49 50
50 63
51 20
51 52
52 72
53 34
53 54
54 43
55 29
55 56
56 15
57 26
57 58
58 49
59 58
59 69
60 73
61 28
61 62
62 75
63 8
63 64
64 42
65 27
65 66
66 25
67 42
67 68
68 62
69 60
69 70
70 84
71 32
71 77
72 22
73 36
73 74
74 61
75 12
75 79
76 10
77 72
77 78
78 46
79 76
79 80
80 36
81 50
81 82
82 38
83 48
83 84
84 41
