0 19
0 21
1 3
1 27
2 25
2 31
3 5
3 24
4 7
4 17
9 23
9 58
11 15
11 20
15 51
15 71
16 36
17 8
17 18
18 68
19 34
19 47
20 50
21 22
21 49
22 43
23 11
23 54
24 72
25 22
25 65
26 16
27 55
27 67
28 16
29 78
29 79
30 59
31 10
31 56
32 13
33 26
33 82
34 20
35 36
35 37
36 66
37 30
37 38
38 30
39 24
39 48
40 44
41 73
41 80
42 40
43 9
43 44
44 64
45 26
45 46
46 14
47 2
47 48
48 57
49 1
49 62
50 38
51 46
51 61
52 28
53 33
53 81
54 63
55 52
55 56
56 41
57 58
57 75
58 12
59 60
59 84
60 28
61 52
61 76
62 70
63 29
63 69
64 60
65 53
65 77
66 32
67 4
67 68
68 6
69 64
69 70
70 50
71 40
71 72
72 18
73 32
73 74
74 62
75 42
75 76
76 74
77 66
77 78
78 39
79 80
79 83
80 42
81 54
81 82
82 34
83 35
83 84
84 45
