0 1
0 19
1 21
1 39
3 5
3 6
5 8
5 15
6 25
6 55
7 58
7 69
8 46
8 71
15 7
15 53
16 9
17 18
17 24
18 14
19 31
19 65
20 13
21 22
21 64
22 30
23 52
23 67
24 32
25 38
25 70
26 41
27 49
27 68
28 18
29 28
29 37
30 40
31 42
31 77
32 84
33 34
33 60
34 35
35 45
35 54
36 44
37 33
37 48
38 26
39 3
39 56
40 28
41 23
41 61
42 34
43 44
43 82
44 74
45 32
45 81
46 76
47 20
47 48
48 38
49 50
49 72
50 4
51 20
51 52
52 10
53 17
53 66
54 36
55 47
55 56
56 79
57 54
57 78
58 16
59 12
59 60
60 75
61 62
61 83
62 2
63 29
63 64
64 43
65 36
65 66
66 57
67 24
67 68
68 22
69 26
69 80
70 27
71 59
71 72
72 63
73 62
73 74
74 51
75 30
75 76
76 11
77 73
77 78
78 58
79 40
79 80
80 70
81 46
81 82
82 50
83 42
83 84
84 16
