0 23
0 61
1 75
1 77
2 38
2 40
3 36
3 46
5 8
5 41
8 74
8 80
10 70
10 71
15 21
15 48
16 51
17 16
17 55
18 58
19 30
19 47
20 22
21 16
21 54
22 13
23 37
23 72
24 27
25 26
25 73
26 1
27 7
27 81
28 4
29 15
29 84
30 20
31 32
31 49
32 82
33 12
33 78
34 18
35 36
35 57
36 11
37 67
37 83
38 5
39 40
39 45
40 42
41 29
41 42
42 6
43 44
43 64
44 14
45 17
45 46
46 52
47 48
47 63
48 79
49 33
49 50
50 60
51 52
51 53
52 31
53 10
53 54
54 50
55 18
55 56
56 28
57 43
57 68
58 56
59 39
59 60
60 22
61 19
61 62
62 32
63 26
63 66
64 30
65 20
65 66
66 64
67 25
67 69
68 58
69 68
69 70
70 44
71 65
71 72
72 76
73 2
73 74
74 59
75 34
75 76
76 24
77 3
77 78
78 34
79 24
79 80
80 9
81 28
81 82
82 35
83 38
83 84
84 62
