0 2
0 65
1 39
1 73
2 17
2 32
3 35
3 51
4 15
4 16
6 12
6 40
7 56
7 64
15 18
15 48
16 20
17 67
17 79
18 16
19 61
19 75
20 68
21 22
21 72
22 41
23 26
23 70
24 30
25 27
25 44
26 37
27 28
27 29
28 20
29 30
29 76
30 66
31 32
31 45
32 5
33 54
33 78
34 28
35 49
35 60
36 46
37 63
37 84
38 52
39 40
39 69
40 19
41 25
41 42
42 43
43 11
43 80
44 23
45 4
45 46
46 13
47 59
47 71
48 9
49 33
49 50
50 38
51 8
51 58
52 10
53 18
53 55
54 81
55 54
55 56
56 21
57 53
57 58
58 82
59 7
59 60
60 36
61 22
61 62
62 42
63 38
63 64
64 14
65 1
65 77
66 31
67 57
67 74
68 50
69 24
69 70
70 24
71 48
71 72
72 36
73 3
73 74
74 68
75 62
75 76
76 26
77 66
77 78
78 47
79 80
79 83
80 44
81 34
81 82
82 52
83 6
83 84
84 34
