0 2
0 45
1 62
1 73
2 69
2 80
4 7
4 16
5 27
5 53
8 21
8 77
11 35
11 43
15 16
15 83
16 26
17 33
17 54
18 24
19 46
19 49
20 11
21 31
21 71
22 18
23 39
23 78
24 40
25 30
25 63
26 50
27 12
27 28
28 26
29 30
29 38
30 14
31 22
31 32
32 34
33 25
33 37
34 3
35 36
35 84
36 29
37 44
37 57
38 56
39 9
39 72
40 68
41 5
41 48
42 40
43 66
43 81
44 34
45 1
45 46
46 20
47 44
47 48
48 42
49 50
49 67
50 74
51 47
51 64
52 6
53 20
53 54
54 22
55 32
55 61
56 24
57 38
57 58
58 18
59 28
59 60
60 13
61 56
61 62
62 75
63 59
63 64
64 52
65 55
65 66
66 51
67 65
67 68
68 52
69 19
69 70
70 10
71 76
71 82
72 42
73 58
73 74
74 8
75 76
75 79
76 70
77 23
77 78
78 36
79 41
79 80
80 4
81 15
81 82
82 72
83 60
83 84
84 17
