0 27
0 77
1 33
1 60
2 3
2 42
3 29
3 57
5 23
5 47
6 11
6 63
9 17
9 55
15 14
15 18
16 66
17 26
17 41
18 16
19 20
19 74
20 56
21 19
21 22
22 44
23 8
23 59
24 35
25 7
25 26
26 34
27 2
27 37
28 53
29 28
29 32
30 5
31 9
31 32
32 30
33 30
33 34
34 54
35 25
35 36
36 18
37 28
37 38
38 62
39 40
39 82
40 13
41 39
41 84
42 50
43 48
43 51
44 46
45 61
45 69
46 12
47 24
47 58
48 80
49 20
49 50
50 4
51 44
51 52
52 15
53 45
53 54
54 76
55 75
55 81
56 73
57 67
57 79
58 64
59 24
59 71
60 6
61 10
61 62
62 1
63 64
63 65
64 72
65 16
65 66
66 78
67 58
67 68
68 60
69 46
69 70
70 56
71 68
71 72
72 48
73 43
73 74
74 36
75 52
75 76
76 49
77 38
77 78
78 22
79 31
79 80
80 83
81 70
81 82
82 21
83 40
83 84
84 42
