0 17
0 20
2 3
2 4
3 5
3 15
4 45
4 92
6 47
6 96
8 29
8 95
9 101
9 102
15 46
15 108
16 25
17 40
17 77
18 48
19 8
19 26
20 56
21 22
21 99
22 18
23 31
23 43
24 34
25 33
25 70
26 30
27 23
27 28
28 10
29 59
29 67
30 65
31 53
31 72
32 37
33 34
33 71
34 22
35 32
35 73
36 107
37 76
37 78
38 13
39 79
39 100
40 18
41 11
41 57
42 16
43 44
43 55
44 84
45 12
45 61
46 6
47 19
47 48
48 28
49 27
49 50
50 1
51 58
51 64
52 74
53 32
53 88
54 83
55 56
55 90
56 98
57 58
57 105
58 7
59 36
59 89
60 93
61 81
61 91
62 60
63 60
63 64
64 52
65 49
65 80
66 86
67 35
67 68
68 54
69 41
69 97
70 26
71 66
71 72
72 82
73 87
73 104
74 42
75 20
75 76
76 38
77 2
77 78
78 85
79 40
79 80
80 66
81 82
81 103
82 106
83 14
83 84
84 24
85 24
85 86
86 9
87 74
87 88
88 68
89 63
89 90
90 21
91 62
91 92
92 69
93 36
93 94
94 70
95 16
95 96
96 51
97 94
97 98
98 50
99 75
99 100
100 44
101 54
101 102
102 38
103 46
103 104
104 62
105 52
105 106
106 39
107 30
107 108
108 42
