0 65
0 91
1 35
1 53
2 7
2 8
3 6
3 18
5 10
5 32
7 45
7 57
11 14
11 17
15 16
15 38
16 23
17 19
17 98
18 64
19 41
19 62
20 5
21 22
21 40
22 18
23 24
23 97
24 50
25 48
25 63
26 9
27 28
27 29
28 30
29 30
29 86
30 26
31 20
31 80
32 71
33 36
33 73
34 3
35 16
35 39
36 25
37 52
37 55
38 34
39 40
39 75
40 54
41 21
41 101
42 108
43 44
43 51
44 105
45 46
45 61
46 49
47 48
47 72
48 81
49 31
49 76
50 22
51 60
51 88
52 82
53 43
53 54
54 102
55 34
55 83
56 11
57 33
57 93
58 106
59 87
59 90
60 15
61 44
61 62
62 70
63 56
63 64
64 74
65 1
65 100
66 46
67 32
67 68
68 59
69 68
69 70
70 99
71 42
71 92
72 13
73 74
73 95
74 20
75 89
75 103
76 78
77 52
77 78
78 50
79 2
79 80
80 67
81 28
81 82
82 38
83 56
83 94
84 42
85 86
85 107
86 47
87 84
87 88
88 77
89 76
89 90
90 60
91 79
91 92
92 72
93 58
93 94
94 84
95 96
95 104
96 24
97 58
97 98
98 27
99 96
99 100
100 85
101 69
101 102
102 66
103 36
103 104
104 37
105 12
105 106
106 4
107 66
107 108
108 26
