0 25
0 51
1 4
1 69
2 61
2 88
3 29
3 63
4 20
4 80
8 11
8 53
10 14
10 57
15 86
15 97
16 26
17 18
17 77
18 5
19 20
19 22
20 27
21 42
21 72
22 38
23 24
23 91
24 66
25 31
25 105
26 8
27 16
27 68
28 64
29 35
29 56
30 47
31 36
31 59
32 85
33 34
33 99
34 40
35 36
35 76
36 32
37 60
37 67
38 18
39 40
39 102
40 101
41 65
41 98
42 54
43 44
43 106
44 48
45 30
45 46
46 15
47 33
47 95
48 58
49 37
49 50
50 71
51 52
51 55
52 100
53 12
53 104
54 22
55 2
55 83
56 75
57 103
57 108
58 16
59 1
59 96
60 50
61 32
61 74
62 54
63 87
63 90
64 78
65 28
65 107
66 43
67 70
67 94
68 81
69 3
69 70
70 9
71 38
71 72
72 24
73 26
73 74
74 62
75 76
75 93
76 19
77 44
77 78
78 39
79 42
79 80
80 7
81 41
81 82
82 62
83 84
83 89
84 48
85 52
85 86
86 23
87 88
87 92
88 45
89 56
89 90
90 64
91 17
91 92
92 34
93 30
93 94
94 68
95 84
95 96
96 60
97 49
97 98
98 79
99 46
99 100
100 28
101 21
101 102
102 10
103 13
103 104
104 82
105 73
105 106
106 6
107 66
107 108
108 58
