0 33
0 35
1 4
1 69
3 36
3 61
4 23
4 105
6 7
6 67
7 77
7 78
8 12
8 44
15 3
15 16
16 58
17 1
17 18
18 40
19 22
19 86
20 8
21 25
21 31
22 66
23 16
23 93
24 72
25 19
25 81
26 70
27 24
27 107
28 64
29 30
29 103
30 37
31 22
31 32
32 38
33 18
33 95
34 24
35 36
35 99
36 96
37 53
37 74
38 28
39 54
39 91
40 2
41 17
41 49
42 45
43 26
43 100
44 11
45 46
45 102
46 34
47 48
47 85
48 43
49 42
49 50
50 27
51 26
51 52
52 71
53 54
53 89
54 47
55 41
55 106
56 51
57 58
57 84
58 59
59 13
59 60
60 32
61 6
61 76
62 5
63 38
63 82
64 48
65 30
65 66
66 42
67 20
67 98
68 57
69 65
69 70
70 62
71 9
71 72
72 94
73 60
73 83
74 87
75 68
75 97
76 62
77 10
77 78
78 80
79 80
79 92
80 52
81 56
81 82
82 64
83 74
83 84
84 14
85 21
85 108
86 75
87 63
87 88
88 44
89 15
89 90
90 46
91 40
91 92
92 50
93 94
93 104
94 73
95 96
95 101
96 90
97 76
97 98
98 68
99 29
99 100
100 88
101 34
101 102
102 20
103 55
103 104
104 79
105 39
105 106
106 56
107 28
107 108
108 86
