0 62
0 97
1 19
1 75
2 73
2 93
4 5
4 79
5 31
5 80
6 32
6 88
9 11
9 27
15 1
15 64
16 8
17 20
17 43
18 45
19 69
19 92
20 71
21 25
21 49
22 23
23 24
23 72
24 10
25 53
25 61
26 28
27 12
27 59
28 22
29 30
29 48
30 56
31 21
31 78
32 102
33 20
33 51
34 90
35 36
35 41
36 44
37 54
37 101
38 18
39 2
39 40
40 6
41 76
41 106
42 100
43 66
43 67
44 74
45 50
45 82
46 26
47 39
47 48
48 28
49 35
49 50
50 46
51 36
51 52
52 58
53 26
53 95
54 40
55 56
55 107
56 94
57 34
57 60
58 34
59 60
59 98
60 58
61 83
61 87
62 15
63 64
63 108
64 16
65 3
65 66
66 57
67 44
67 68
68 84
69 33
69 70
70 9
71 72
71 91
72 30
73 65
73 74
74 52
75 7
75 76
76 68
77 85
77 103
78 63
79 89
79 104
80 24
81 55
81 82
82 42
83 70
83 84
84 22
85 78
85 86
86 37
87 88
87 105
88 18
89 90
89 96
90 77
91 38
91 92
92 46
93 94
93 99
94 16
95 54
95 96
96 17
97 47
97 98
98 29
99 4
99 100
100 13
101 38
101 102
102 14
103 81
103 104
104 80
105 62
105 106
106 42
107 86
107 108
108 32
