0 27
0 67
1 3
1 61
2 41
2 94
3 18
3 22
4 57
4 70
7 15
7 46
9 29
9 91
15 50
15 68
16 39
17 11
17 18
18 105
19 98
19 108
20 24
21 22
21 65
22 40
23 6
23 24
24 10
25 26
25 30
26 1
27 28
27 53
28 66
29 30
29 54
30 93
31 32
31 73
32 87
33 62
33 72
34 19
35 28
35 36
36 33
37 82
37 96
38 34
39 40
39 44
40 89
41 55
41 76
42 20
43 21
43 71
44 8
45 26
45 95
46 9
47 45
47 48
48 23
49 50
49 77
50 83
51 63
51 97
52 2
53 47
53 88
54 58
55 37
55 59
56 16
57 56
57 81
58 14
59 60
59 101
60 78
61 4
61 62
62 48
63 52
63 64
64 107
65 52
65 102
66 16
67 25
67 68
68 75
69 58
69 70
70 7
71 44
71 72
72 38
73 64
73 74
74 12
75 32
75 76
76 42
77 43
77 78
78 92
79 49
79 80
80 35
81 69
81 85
82 38
83 51
83 84
84 42
85 82
85 86
86 46
87 80
87 88
88 106
89 36
89 90
90 103
91 13
91 92
92 84
93 79
93 94
94 74
95 86
95 96
96 17
97 98
97 100
98 5
99 54
99 100
100 104
101 56
101 102
102 66
103 20
103 104
104 60
105 31
105 106
106 99
107 34
107 108
108 90
