0 17
0 103
1 29
1 106
2 21
2 54
3 34
3 74
4 6
4 97
7 9
7 59
8 95
8 105
15 2
15 69
16 60
17 15
17 27
18 11
19 18
19 26
20 3
21 20
21 33
22 49
23 73
23 86
24 38
25 22
25 64
26 20
27 71
27 89
28 25
29 30
29 67
30 53
31 28
31 37
32 10
33 28
33 42
34 24
35 36
35 80
36 45
37 38
37 56
38 50
39 57
39 101
40 16
41 43
41 94
42 90
43 35
43 44
44 102
45 34
45 46
46 12
47 32
47 85
48 42
49 50
49 87
50 72
51 1
51 52
52 84
53 19
53 54
54 39
55 14
55 58
56 47
57 40
57 58
58 56
59 41
59 62
60 18
61 5
61 96
62 98
63 77
63 108
64 81
65 31
65 66
66 79
67 68
67 91
68 44
69 78
69 93
70 16
71 65
71 72
72 66
73 51
73 74
74 46
75 76
75 104
76 40
77 64
77 78
78 76
79 70
79 80
80 32
81 68
81 82
82 55
83 23
83 84
84 4
85 48
85 86
86 24
87 83
87 88
88 48
89 75
89 90
90 100
91 92
91 99
92 7
93 70
93 94
94 88
95 96
95 107
96 62
97 63
97 98
98 60
99 8
99 100
100 36
101 52
101 102
102 26
103 22
103 104
104 30
105 13
105 106
106 92
107 82
107 108
108 61
