Minimum level: 5
Runtime (sec): 0.07087687501916662
Support network with minimum level
10 23
10 38
23 47
38 34
37 73
73 39
0 43
0 2
43 79
43 53
2 15
42 48
48 58
47 24
24 57
81 82
82 45
32 18
18 75
66 18
34 36
36 11
35 20
20 8
21 80
80 22
79 44
44 14
8 13
39 1
39 77
51 74
74 69
71 40
40 30
46 72
72 3
75 33
75 76
50 62
62 19
61 60
60 6
1 5
29 31
29 59
31 37
59 61
58 46
57 26
26 28
25 68
68 17
67 66
15 4
33 55
33 41
76 46
45 12
77 49
77 78
49 51
49 50
6 9
3 54
53 29
55 56
56 54
41 42
28 71
27 28
64 52
52 16
54 21
22 16
78 27
19 35
19 65
65 63
16 7
63 25
63 64
69 70
70 67
30 32
17 10
17 81
