Minimum level: 2
Runtime (sec): 8.830384291999508
Support network with minimum level
57 47
47 58
58 20
61 62
62 48
37 28
28 4
6 38
6 49
38 50
49 33
21 31
21 13
31 22
46 8
23 67
23 51
67 45
51 44
33 36
33 35
50 56
4 9
9 14
9 21
22 19
65 32
32 70
42 66
66 6
48 25
25 15
63 2
2 43
5 64
5 65
64 41
45 29
29 30
35 46
36 34
60 42
3 18
18 52
68 18
20 17
27 61
43 53
30 69
26 24
24 5
52 26
44 48
53 54
53 37
55 1
55 59
59 60
56 7
41 16
16 11
15 55
40 12
19 57
54 34
17 3
17 68
39 10
70 40
69 27
0 63
0 23
34 39
