Minimum level: 1
Runtime (sec): 2.924119332979899
Support network with minimum level
30 41
41 4
1 15
1 20
15 32
15 14
20 74
19 28
28 22
67 68
68 9
5 66
66 17
65 61
61 37
26 13
27 23
23 71
71 72
72 67
35 36
35 65
36 50
37 45
45 31
45 57
43 44
43 63
44 38
63 16
58 19
47 29
47 48
29 2
48 64
4 6
4 58
34 40
40 52
39 16
16 46
64 42
52 62
62 42
50 24
24 3
2 30
54 50
22 5
21 1
59 60
60 7
33 34
17 49
49 18
38 21
31 73
57 59
3 55
55 56
69 70
69 47
70 33
25 26
56 11
18 8
53 54
32 39
8 12
8 25
42 10
46 69
0 35
0 43
74 51
51 27
73 53
