Minimum level: 4
Runtime (sec): 0.24995045899413526
Support network with minimum level
62 26
26 40
66 26
55 65
65 66
49 56
56 68
61 32
32 43
70 62
37 33
37 38
33 14
38 7
6 8
41 45
41 42
45 36
42 22
4 41
30 20
20 17
69 70
39 51
51 53
51 52
67 48
48 34
68 50
58 46
46 13
36 5
35 16
16 3
63 64
64 9
3 10
44 60
60 25
59 60
53 54
54 67
40 22
21 39
21 24
24 12
25 58
57 6
19 2
19 30
29 47
47 59
47 69
28 44
43 37
22 57
50 61
5 50
34 28
9 11
9 21
0 1
0 19
1 29
1 31
18 63
31 35
17 15
17 18
15 27
15 4
23 55
27 23
52 49
