Minimum level: 5
Runtime (sec): 34.77905641600955
Support network with minimum level
33 21
21 67
21 75
65 66
66 50
47 40
40 58
29 48
48 86
67 68
68 20
51 52
51 7
52 31
31 49
49 73
79 16
16 18
83 84
83 88
84 80
88 72
87 71
71 1
71 83
62 22
22 26
44 22
86 30
85 51
0 39
0 17
39 59
39 23
17 56
23 55
55 15
55 77
45 24
24 5
41 46
46 26
69 70
70 42
77 78
78 61
56 35
18 37
75 81
81 69
38 76
76 32
20 10
54 63
63 64
3 6
58 34
34 28
1 8
1 85
8 19
50 47
73 82
82 74
74 64
61 62
9 57
57 12
64 32
32 42
80 45
28 53
53 54
30 13
72 80
37 43
37 27
43 38
27 9
19 14
19 25
60 3
25 41
59 65
2 60
2 4
4 29
4 79
36 11
35 87
26 36
42 44
15 33
15 2
