Minimum level: 3
Runtime (sec): 6.7715026249643415
Support network with minimum level
37 61
61 62
61 15
62 38
15 55
15 41
38 35
35 31
35 36
32 64
64 53
63 5
59 17
17 24
18 60
60 10
36 24
24 18
58 50
50 30
12 14
31 32
31 7
67 25
25 26
9 68
9 12
68 11
28 59
52 44
44 40
69 70
70 3
23 67
3 33
3 21
33 6
21 22
21 63
29 4
4 9
30 54
0 1
0 49
1 45
49 16
45 39
41 42
41 20
42 26
20 65
19 2
2 34
40 66
66 28
65 56
56 27
55 56
16 19
57 58
34 38
22 8
54 48
48 13
47 43
43 69
43 51
26 46
46 29
39 47
53 40
51 52
51 37
27 57
27 23
