Minimum level: 4
Runtime (sec): 10.811008208955172
Support network with minimum level
47 75
47 104
75 71
104 48
103 78
78 87
77 66
66 54
65 20
20 70
3 99
99 25
107 11
76 108
108 26
48 55
55 92
36 82
82 18
81 64
64 46
63 64
54 44
44 76
43 63
71 72
71 73
72 42
73 57
25 100
100 26
85 62
85 86
62 89
86 32
19 79
79 24
40 32
32 68
26 81
45 1
1 103
1 80
87 88
88 46
80 67
24 16
95 96
96 69
83 84
84 59
4 6
6 61
46 13
57 7
57 58
58 23
61 85
61 47
68 56
56 65
92 56
34 30
30 95
29 28
28 33
2 15
15 22
27 51
27 53
51 97
53 77
59 5
5 10
5 9
31 60
31 40
60 90
39 31
18 8
23 27
90 74
89 39
97 106
37 34
93 94
94 38
42 16
22 4
105 22
106 98
91 52
52 36
74 50
50 19
49 102
102 45
101 49
38 12
70 38
67 14
33 37
33 41
41 3
41 43
69 101
98 29
16 35
35 17
35 91
21 105
21 2
17 93
17 107
0 21
0 83
