Minimum level: 1
Runtime (sec): 0.03289779199985787
Support network with minimum level
55 4
55 56
4 68
56 25
68 24
67 52
52 27
43 70
70 44
69 41
41 18
40 28
28 8
37 47
47 38
39 53
53 26
48 40
49 51
49 50
51 54
50 16
17 69
8 11
18 12
31 42
42 37
64 32
32 17
23 2
2 55
2 19
24 30
16 22
22 43
21 62
62 1
61 49
1 45
45 65
33 34
34 14
30 20
29 33
29 10
59 23
59 60
60 13
65 66
66 67
54 58
26 15
25 35
35 5
71 59
71 72
72 46
7 39
57 63
63 61
58 64
3 31
3 7
27 29
38 44
44 48
19 36
20 46
36 3
0 21
0 71
15 57
15 9
46 6
