0 32
0 85
1 46
1 53
2 18
2 37
3 5
3 75
5 23
5 29
7 12
7 51
8 16
8 26
15 33
15 83
16 48
17 18
17 54
18 3
19 27
19 63
20 58
21 2
21 61
22 14
23 24
23 43
24 38
25 20
25 89
26 60
27 15
27 79
28 34
29 30
29 67
30 28
31 26
31 40
32 1
33 39
33 59
34 22
35 36
35 92
36 7
37 38
37 55
38 50
39 35
39 86
40 45
41 42
41 57
42 80
43 13
43 71
44 24
45 32
45 46
46 8
47 48
47 81
48 17
49 34
49 90
50 88
51 11
51 52
52 9
53 44
53 66
54 42
55 19
55 87
56 20
57 21
57 58
58 74
59 4
59 60
60 47
61 28
61 62
62 49
63 25
63 68
64 52
65 56
65 66
66 54
67 22
67 68
68 64
69 73
69 84
70 6
71 44
71 72
72 64
73 70
73 74
74 36
75 76
75 77
76 62
77 70
77 78
78 56
79 30
79 80
80 72
81 10
81 82
82 69
83 82
83 91
84 16
85 41
85 86
86 40
87 78
87 88
88 65
89 31
89 90
90 50
91 84
91 92
92 76
