0 21
0 57
1 15
1 71
2 6
2 92
3 72
3 82
4 12
4 20
7 10
7 32
11 13
11 74
15 29
15 64
16 27
17 1
17 37
18 2
19 20
19 53
20 11
21 23
21 50
22 75
23 24
23 35
24 69
25 52
25 61
26 8
27 41
27 44
28 4
29 24
29 89
30 58
31 7
31 85
32 16
33 40
33 46
34 47
35 30
35 36
36 78
37 49
37 81
38 42
39 28
39 40
40 45
41 33
41 42
42 84
43 55
43 70
44 22
45 36
45 90
46 68
47 48
47 62
48 28
49 43
49 50
50 22
51 52
51 83
52 26
53 66
53 80
54 9
55 44
55 56
56 34
57 17
57 59
58 18
59 60
59 87
60 39
61 62
61 67
62 73
63 32
63 64
64 16
65 66
65 77
66 91
67 19
67 68
68 34
69 3
69 70
70 65
71 60
71 72
72 25
73 5
73 74
74 14
75 54
75 86
76 46
77 18
77 78
78 48
79 38
79 80
80 54
81 38
81 88
82 26
83 31
83 84
84 56
85 63
85 86
86 76
87 58
87 88
88 82
89 30
89 90
90 76
91 51
91 92
92 79
