0 2
0 33
1 62
1 74
2 23
2 35
3 16
3 17
6 44
6 59
7 66
7 69
9 18
9 31
15 16
15 34
16 36
17 7
17 40
18 89
19 18
19 20
20 15
21 79
21 80
22 46
23 6
23 45
24 77
25 9
25 70
26 63
27 41
27 47
28 90
29 24
29 78
30 25
31 27
31 72
32 92
33 34
33 57
34 30
35 5
35 87
36 22
37 29
37 65
38 32
39 24
39 71
40 19
41 28
41 42
42 21
43 1
43 44
44 37
45 49
45 50
46 54
47 13
47 48
48 12
49 46
49 58
50 76
51 20
51 52
52 30
53 39
53 54
54 8
55 56
55 64
56 82
57 43
57 81
58 50
59 51
59 60
60 11
61 56
61 62
62 85
63 48
63 67
64 14
65 38
65 75
66 83
67 64
67 86
68 66
69 26
69 70
70 26
71 40
71 72
72 38
73 32
73 74
74 3
75 68
75 91
76 53
77 61
77 78
78 52
79 80
79 88
80 4
81 58
81 82
82 10
83 60
83 84
84 28
85 73
85 86
86 68
87 36
87 88
88 84
89 55
89 90
90 22
91 76
91 92
92 42
