0 55
0 61
1 21
1 32
2 19
2 51
5 7
5 82
6 16
6 37
8 23
8 71
12 24
12 31
15 53
15 58
16 42
17 2
17 40
18 36
19 20
19 25
20 49
21 22
21 75
22 59
23 24
23 72
24 15
25 28
25 64
26 57
27 1
27 39
28 90
29 28
29 76
30 48
31 13
31 46
32 34
33 32
33 34
34 50
35 41
35 56
36 12
37 20
37 62
38 11
39 35
39 40
40 73
41 29
41 81
42 44
43 16
43 45
44 52
45 44
45 46
46 33
47 63
47 86
48 5
49 9
49 80
50 4
51 78
51 87
52 10
53 14
53 54
54 3
55 67
55 92
56 60
57 58
57 79
58 43
59 38
59 60
60 36
61 65
61 91
62 38
63 64
63 69
64 88
65 62
65 83
66 26
67 68
67 89
68 52
69 48
69 70
70 66
71 26
71 74
72 22
73 18
73 74
74 72
75 54
75 76
76 30
77 78
77 85
78 6
79 18
79 80
80 50
81 42
81 82
82 8
83 70
83 84
84 30
85 56
85 86
86 27
87 68
87 88
88 66
89 77
89 90
90 84
91 17
91 92
92 47
