0 19
0 67
2 3
2 4
3 36
3 41
4 24
4 29
6 10
6 25
8 18
8 26
9 30
9 61
15 16
15 53
16 13
17 20
17 86
18 28
19 2
19 62
20 66
21 22
21 57
22 31
23 7
23 58
24 88
25 27
25 87
26 17
27 51
27 82
28 14
29 35
29 39
30 37
31 9
31 80
32 40
33 43
33 45
34 1
35 30
35 36
36 33
37 12
37 54
38 18
39 21
39 46
40 8
41 50
41 68
42 56
43 63
43 78
44 52
45 46
45 64
46 60
47 22
47 48
48 83
49 42
49 50
50 59
51 52
51 77
52 91
53 6
53 54
54 44
55 44
55 85
56 73
57 23
57 58
58 24
59 15
59 60
60 48
61 76
61 89
62 79
63 64
63 74
64 49
65 40
65 72
66 38
67 68
67 81
68 42
69 32
69 70
70 65
71 5
71 92
72 66
73 71
73 74
74 34
75 38
75 76
76 11
77 28
77 78
78 55
79 80
79 90
80 69
81 34
81 82
82 26
83 70
83 84
84 56
85 84
85 86
86 16
87 47
87 88
88 32
89 62
89 90
90 20
91 75
91 92
92 72
