0 53
0 54
1 88
1 92
2 16
2 37
3 42
3 57
4 15
4 39
5 17
5 51
10 52
10 83
15 32
15 47
16 35
17 43
17 68
18 6
19 1
19 64
20 9
21 23
21 28
22 14
23 22
23 24
24 55
25 16
25 90
26 56
27 36
27 66
28 86
29 26
29 31
30 48
31 30
31 32
32 79
33 34
33 63
34 19
35 78
35 85
36 28
37 45
37 77
38 61
39 40
39 74
40 12
41 24
41 49
42 81
43 18
43 80
44 50
45 38
45 46
46 65
47 48
47 60
48 21
49 50
49 67
50 91
51 22
51 52
52 40
53 2
53 54
54 69
55 46
55 56
56 58
57 58
57 72
58 34
59 7
59 60
60 44
61 25
61 89
62 18
63 26
63 87
64 20
65 11
65 66
66 3
67 42
67 68
68 13
69 29
69 70
70 20
71 59
71 72
72 8
73 74
73 76
74 75
75 10
75 76
76 64
77 4
77 78
78 27
79 38
79 80
80 44
81 71
81 82
82 84
83 30
83 84
84 5
85 36
85 86
86 41
87 73
87 88
88 82
89 62
89 90
90 33
91 70
91 92
92 62
