0 2
0 75
1 34
1 69
2 35
2 65
3 16
3 28
4 12
4 78
5 37
5 59
8 20
8 62
15 8
15 16
16 61
17 18
17 40
18 85
19 9
19 20
20 74
21 67
21 68
22 24
23 31
23 56
24 38
25 4
25 42
26 11
27 28
27 29
28 48
29 25
29 30
30 32
31 21
31 32
32 55
33 34
33 39
34 72
35 36
35 49
36 51
37 38
37 64
38 36
39 40
39 79
40 71
41 24
41 42
42 80
43 6
43 73
44 52
45 54
45 77
46 66
47 1
47 48
48 17
49 83
49 91
50 57
51 14
51 63
52 26
53 26
53 54
54 87
55 10
55 56
56 41
57 58
57 76
58 60
59 18
59 70
60 33
61 58
61 62
62 50
63 52
63 82
64 7
65 3
65 92
66 88
67 30
67 89
68 22
69 5
69 70
70 60
71 23
71 72
72 90
73 44
73 74
74 46
75 76
75 84
76 13
77 46
77 78
78 53
79 19
79 80
80 44
81 15
81 82
82 64
83 50
83 84
84 47
85 45
85 86
86 68
87 81
87 88
88 22
89 86
89 90
90 43
91 27
91 92
92 66
