0 15
0 66
1 3
1 45
3 54
3 84
4 47
4 48
5 9
5 32
6 20
6 62
9 29
9 68
15 1
15 16
16 37
17 10
17 46
18 60
19 33
19 51
20 85
21 22
21 88
22 83
23 24
23 56
24 16
25 27
25 43
26 81
27 26
27 28
28 2
29 30
29 67
30 63
31 32
31 40
32 89
33 41
33 61
34 14
35 21
35 49
36 28
37 18
37 38
38 64
39 52
39 74
40 65
41 44
41 70
42 79
43 42
43 86
44 90
45 19
45 46
46 80
47 35
47 50
48 22
49 69
49 73
50 48
51 52
51 92
52 38
53 7
53 54
54 12
55 17
55 56
56 20
57 58
57 72
58 75
59 11
59 60
60 30
61 4
61 62
62 78
63 6
63 64
64 36
65 66
65 91
66 58
67 34
67 68
68 13
69 50
69 70
70 82
71 26
71 72
72 53
73 39
73 74
74 40
75 36
75 76
76 34
77 59
77 78
78 57
79 31
79 80
80 18
81 5
81 82
82 42
83 24
83 84
84 87
85 8
85 86
86 44
87 25
87 88
88 71
89 55
89 90
90 76
91 77
91 92
92 23
