0 71
0 75
1 3
1 4
2 50
2 69
4 19
4 27
5 16
5 68
6 18
6 25
10 11
10 17
15 44
15 57
16 24
17 45
17 55
18 54
19 39
19 53
20 73
21 22
21 90
22 6
23 21
23 26
24 13
25 7
25 58
26 60
27 32
27 41
28 10
29 43
29 63
30 59
31 32
31 34
32 91
33 8
33 38
34 49
35 12
35 78
36 86
37 33
37 38
38 83
39 65
39 76
40 30
41 42
41 89
42 74
43 30
43 44
44 46
45 35
45 46
46 82
47 52
47 72
48 16
49 26
49 50
50 36
51 28
51 52
52 48
53 20
53 64
54 37
55 56
55 79
56 14
57 48
57 58
58 31
59 23
59 80
60 42
61 62
61 81
62 34
63 15
63 64
64 92
65 40
65 66
66 24
67 68
67 88
68 47
69 51
69 70
70 9
71 2
71 72
72 56
73 61
73 74
74 77
75 1
75 76
76 29
77 66
77 78
78 36
79 18
79 80
80 85
81 22
81 82
82 5
83 62
83 87
84 67
85 84
85 86
86 70
87 84
87 88
88 60
89 40
89 90
90 20
91 28
91 92
92 54
