0 1
0 33
1 17
1 55
2 9
2 35
3 27
3 84
4 16
4 34
5 13
5 21
8 43
8 85
15 30
15 42
16 44
17 32
17 51
18 19
19 22
19 66
20 12
21 22
21 68
22 67
23 64
23 75
24 69
25 48
25 89
26 7
27 15
27 53
28 88
29 3
29 61
30 26
31 29
31 63
32 56
33 59
33 72
34 5
35 10
35 74
36 28
37 70
37 81
38 50
39 2
39 78
40 80
41 25
41 91
42 37
43 54
43 79
44 18
45 82
45 86
46 36
47 46
47 48
48 26
49 23
49 50
50 76
51 52
51 65
52 44
53 28
53 54
54 49
55 73
55 77
56 41
57 42
57 90
58 46
59 45
59 60
60 34
61 30
61 62
62 8
63 32
63 64
64 24
65 38
65 83
66 6
67 20
67 68
68 14
69 16
69 70
70 38
71 31
71 72
72 87
73 71
73 92
74 36
75 20
75 76
76 4
77 56
77 78
78 40
79 52
79 80
80 60
81 24
81 82
82 39
83 66
83 84
84 62
85 11
85 86
86 47
87 40
87 88
88 18
89 58
89 90
90 58
91 57
91 92
92 74
