0 1
0 17
1 51
1 91
3 33
3 36
4 20
4 72
6 7
6 24
7 13
7 14
10 11
10 35
15 48
15 88
16 86
17 54
17 82
18 31
19 23
19 57
20 10
21 22
21 30
22 38
23 24
23 46
24 53
25 26
25 67
26 78
27 4
27 41
28 40
29 50
29 58
30 80
31 25
31 32
32 5
33 52
33 73
34 69
35 34
35 36
36 92
37 32
37 38
38 26
39 40
39 44
40 74
41 29
41 42
42 22
43 15
43 64
44 90
45 49
45 71
46 20
47 39
47 48
48 27
49 77
49 87
50 28
51 3
51 52
52 62
53 8
53 54
54 60
55 56
55 81
56 21
57 9
57 89
58 75
59 28
59 60
60 2
61 46
61 62
62 68
63 34
63 64
64 44
65 16
65 85
66 37
67 68
67 70
68 66
69 70
69 83
70 56
71 61
71 72
72 19
73 74
73 76
74 79
75 30
75 76
76 63
77 50
77 78
78 6
79 16
79 80
80 65
81 82
81 84
82 18
83 55
83 84
84 12
85 66
85 86
86 42
87 43
87 88
88 47
89 58
89 90
90 18
91 45
91 92
92 59
