0 16
0 33
1 20
1 39
2 19
2 87
3 5
3 17
5 12
5 72
8 10
8 15
9 36
9 51
15 9
15 26
16 29
17 66
17 88
18 84
19 48
19 79
20 3
21 49
21 61
22 7
23 25
23 76
24 18
25 26
25 86
26 34
27 45
27 46
28 44
29 28
29 85
30 57
31 35
31 55
32 54
33 21
33 63
34 50
35 32
35 58
36 32
37 22
37 38
38 6
39 4
39 40
40 24
41 42
41 62
42 80
43 34
43 44
44 1
45 20
45 70
46 28
47 30
47 48
48 75
49 77
49 89
50 52
51 13
51 91
52 16
53 54
53 59
54 41
55 56
55 65
56 46
57 42
57 58
58 36
59 8
59 69
60 11
61 62
61 81
62 14
63 64
63 90
64 50
65 40
65 66
66 92
67 56
67 83
68 78
69 60
69 70
70 67
71 68
71 82
72 60
73 22
73 74
74 37
75 27
75 76
76 31
77 64
77 78
78 24
79 68
79 80
80 38
81 2
81 82
82 72
83 71
83 84
84 74
85 47
85 86
86 73
87 53
87 88
88 18
89 23
89 90
90 43
91 52
91 92
92 30
