0 51
0 64
1 5
1 31
2 50
2 60
3 46
3 59
5 25
5 37
6 13
6 58
7 38
7 75
15 84
15 85
16 42
17 47
17 89
18 11
19 70
19 88
20 43
21 23
21 44
22 14
23 7
23 24
24 20
25 26
25 86
26 29
27 28
27 48
28 6
29 30
29 49
30 3
31 63
31 71
32 12
33 34
33 90
34 54
35 32
35 36
36 40
37 35
37 69
38 81
39 40
39 57
40 83
41 21
41 42
42 18
43 55
43 76
44 22
45 2
45 46
46 36
47 39
47 48
48 41
49 28
49 73
50 15
51 52
51 79
52 45
53 16
53 54
54 72
55 62
55 77
56 53
57 58
57 87
58 22
59 33
59 60
60 4
61 18
61 62
62 68
63 32
63 64
64 65
65 17
65 66
66 16
67 1
67 68
68 56
69 38
69 70
70 74
71 26
71 72
72 8
73 50
73 74
74 20
75 10
75 76
76 91
77 44
77 78
78 66
79 67
79 80
80 34
81 24
81 82
82 80
83 19
83 84
84 92
85 30
85 86
86 78
87 61
87 88
88 82
89 52
89 90
90 27
91 9
91 92
92 56
