0 2
0 61
1 43
1 46
2 44
2 49
4 15
4 51
7 10
7 73
9 19
9 41
11 38
11 53
15 16
15 69
16 76
17 18
17 31
18 42
19 11
19 84
20 5
21 24
21 91
22 71
23 4
23 29
24 22
25 23
25 92
26 18
27 28
27 60
28 17
29 77
29 86
30 74
31 12
31 62
32 30
33 34
33 83
34 9
35 36
35 79
36 70
37 35
37 68
38 56
39 32
39 50
40 13
41 28
41 48
42 16
43 21
43 44
44 6
45 33
45 46
46 3
47 34
47 48
48 42
49 52
49 82
50 55
51 52
51 64
52 45
53 22
53 81
54 26
55 40
55 56
56 66
57 14
57 58
58 54
59 60
59 75
60 36
61 1
61 65
62 39
63 32
63 64
64 27
65 72
65 89
66 59
67 20
67 68
68 38
69 70
69 85
70 8
71 30
71 72
72 62
73 74
73 80
74 40
75 57
75 76
76 20
77 24
77 78
78 88
79 25
79 80
80 47
81 54
81 82
82 50
83 26
83 84
84 90
85 86
85 87
86 63
87 78
87 88
88 7
89 66
89 90
90 67
91 37
91 92
92 58
