0 25
0 40
1 5
1 37
2 23
2 35
5 10
5 24
6 7
6 21
8 16
8 86
11 14
11 64
15 4
15 70
16 20
17 33
17 53
18 73
19 22
19 78
20 74
21 34
21 85
22 38
23 58
23 81
24 60
25 1
25 55
26 50
27 72
27 84
28 76
29 62
29 82
30 20
31 45
31 63
32 79
33 34
33 49
34 36
35 68
35 83
36 22
37 42
37 47
38 18
39 8
39 51
40 44
41 32
41 42
42 43
43 44
43 56
44 92
45 41
45 46
46 13
47 6
47 91
48 17
49 50
49 77
50 2
51 40
51 87
52 69
53 39
53 54
54 67
55 26
55 56
56 38
57 52
57 58
58 88
59 32
59 60
60 9
61 62
61 90
62 30
63 29
63 64
64 19
65 66
65 89
66 28
67 75
67 80
68 57
69 66
69 70
70 16
71 12
71 72
72 28
73 27
73 74
74 71
75 68
75 76
76 3
77 18
77 78
78 61
79 30
79 80
80 46
81 65
81 82
82 11
83 36
83 84
84 54
85 48
85 86
86 31
87 52
87 88
88 15
89 24
89 90
90 59
91 48
91 92
92 26
