Minimum level: 4
Runtime (sec): 8.373159374983516
Support network with minimum level
25 47
47 73
89 48
48 26
32 90
90 26
44 22
22 16
39 22
18 40
40 24
80 31
31 50
73 89
69 70
69 28
70 7
28 16
107 108
108 66
65 10
72 91
91 83
46 99
99 36
66 46
85 86
86 49
19 39
61 13
105 106
105 65
106 62
79 35
35 87
35 93
74 80
23 27
27 69
27 21
24 15
62 107
83 62
54 84
84 42
21 2
33 4
33 96
4 29
4 18
96 79
95 41
41 68
97 51
51 81
30 98
98 8
104 64
64 74
63 64
49 34
34 43
50 101
102 78
78 32
26 100
16 67
67 56
53 9
9 11
68 54
93 63
93 94
94 52
37 57
57 58
77 6
6 14
101 102
87 88
88 30
36 110
100 3
56 53
81 105
59 82
59 61
82 60
38 103
103 20
7 45
45 85
45 17
58 97
42 30
75 76
75 55
76 109
55 33
60 104
20 60
52 71
15 5
15 72
71 38
43 44
2 75
110 12
109 92
92 59
29 37
29 77
17 19
0 1
0 23
1 95
1 25
