0 15
0 45
1 3
1 4
3 76
3 77
4 5
4 16
5 59
5 61
8 9
8 56
12 14
12 34
15 50
15 73
16 6
17 19
17 26
18 36
19 18
19 20
20 7
21 22
21 47
22 30
23 37
23 86
24 28
25 49
25 51
26 8
27 22
27 70
28 11
29 12
29 30
30 17
31 28
31 55
32 2
33 84
33 89
34 40
35 21
35 36
36 81
37 63
37 65
38 13
39 48
39 95
40 62
41 42
41 78
42 68
43 18
43 75
44 46
45 39
45 46
46 57
47 33
47 69
48 88
49 16
49 50
50 23
51 26
51 58
52 79
53 40
53 54
54 32
55 54
55 72
56 98
57 58
57 99
58 52
59 35
59 60
60 38
61 62
61 80
62 44
63 64
63 97
64 53
65 60
65 96
66 38
67 82
67 91
68 24
69 48
69 70
70 31
71 67
71 72
72 74
73 25
73 74
74 56
75 44
75 76
76 27
77 20
77 78
78 32
79 42
79 100
80 24
81 71
81 82
82 94
83 10
83 93
84 34
85 84
85 92
86 52
87 66
87 88
88 43
89 29
89 90
90 85
91 68
91 92
92 86
93 90
93 94
94 41
95 64
95 96
96 87
97 1
97 98
98 83
99 66
99 100
100 80
