0 1
0 2
1 40
1 59
3 74
3 77
5 7
5 8
6 37
6 65
7 29
7 75
9 12
9 44
15 10
15 54
16 27
17 18
17 83
18 26
19 20
19 31
20 79
21 19
21 22
22 47
23 21
23 24
24 92
25 48
25 76
26 100
27 28
27 30
28 9
29 15
29 80
30 66
31 22
31 61
32 4
33 24
33 42
34 82
35 39
35 70
36 25
37 69
37 87
38 11
39 63
39 89
40 49
41 34
41 95
42 34
43 36
43 44
44 38
45 46
45 73
46 93
47 3
47 48
48 91
49 52
49 64
50 67
51 28
51 52
52 32
53 94
53 98
54 88
55 5
55 56
56 71
57 36
57 58
58 54
59 23
59 85
60 16
61 46
61 81
62 53
63 40
63 64
64 50
65 66
65 99
66 14
67 20
67 68
68 18
69 33
69 70
70 57
71 72
71 78
72 16
73 38
73 74
74 55
75 68
75 76
76 26
77 35
77 78
78 42
79 13
79 80
80 30
81 62
81 82
82 60
83 50
83 84
84 51
85 86
85 90
86 17
87 45
87 88
88 41
89 6
89 90
90 60
91 72
91 92
92 97
93 32
93 94
94 58
95 56
95 96
96 84
97 86
97 98
98 96
99 43
99 100
100 62
