0 25
0 71
2 3
2 53
4 31
4 39
5 9
5 70
6 47
6 58
8 14
8 68
10 54
10 76
15 16
15 87
16 36
17 15
17 69
18 44
19 20
19 26
20 78
21 79
21 82
22 13
23 77
23 83
24 93
25 41
25 57
26 18
27 4
27 35
28 21
29 40
29 64
30 46
31 33
31 43
32 94
33 6
33 34
34 5
35 28
35 85
36 86
37 20
37 38
38 95
39 24
39 51
40 30
41 2
41 98
42 12
43 32
43 60
44 96
45 42
45 48
46 32
47 48
47 65
48 61
49 50
49 92
50 1
51 75
51 97
52 8
53 74
53 99
54 11
55 37
55 56
56 34
57 58
57 67
58 23
59 60
59 80
60 44
61 46
61 62
62 72
63 64
63 66
64 49
65 55
65 66
66 38
67 26
67 88
68 22
69 19
69 84
70 29
71 50
71 72
72 24
73 63
73 74
74 54
75 76
75 89
76 42
77 78
77 100
78 73
79 80
79 81
80 7
81 22
81 82
82 52
83 62
83 84
84 70
85 36
85 86
86 91
87 59
87 88
88 68
89 40
89 90
90 18
91 56
91 92
92 10
93 16
93 94
94 28
95 90
95 96
96 30
97 52
97 98
98 45
99 27
99 100
100 17
