0 61
0 62
1 7
1 67
2 4
2 45
4 27
4 99
5 16
5 49
10 58
10 72
12 50
12 64
15 33
15 38
16 98
17 59
17 79
18 6
19 26
19 30
20 92
21 22
21 25
22 10
23 8
23 35
24 69
25 26
25 65
26 37
27 28
27 75
28 19
29 2
29 32
30 20
31 32
31 85
32 30
33 17
33 44
34 18
35 36
35 46
36 14
37 34
37 100
38 56
39 15
39 42
40 21
41 42
41 93
42 76
43 31
43 70
44 34
45 43
45 91
46 24
47 48
47 81
48 60
49 88
49 94
50 78
51 52
51 57
52 89
53 47
53 54
54 23
55 46
55 56
56 77
57 29
57 58
58 12
59 40
59 73
60 52
61 1
61 62
62 51
63 80
63 96
64 13
65 16
65 66
66 74
67 41
67 68
68 5
69 70
69 97
70 44
71 3
71 95
72 11
73 60
73 74
74 68
75 20
75 76
76 82
77 66
77 86
78 36
79 18
79 80
80 64
81 24
81 82
82 40
83 55
83 84
84 38
85 71
85 90
86 78
87 72
87 88
88 63
89 84
89 90
90 86
91 83
91 92
92 39
93 54
93 94
94 22
95 87
95 96
96 50
97 28
97 98
98 9
99 53
99 100
100 48
