0 1
0 30
1 27
1 51
2 25
2 87
3 61
3 67
4 42
4 68
6 34
6 78
7 52
7 92
15 10
15 69
16 65
17 39
17 60
18 26
19 14
19 20
20 86
21 6
21 58
22 7
23 24
23 62
24 37
25 26
25 96
26 13
27 4
27 45
28 8
29 30
29 57
30 43
31 33
31 91
32 18
33 70
33 98
34 44
35 54
35 93
36 88
37 56
37 76
38 18
39 40
39 50
40 49
41 29
41 42
42 100
43 44
43 99
44 55
45 53
45 72
46 28
47 40
47 97
48 22
49 32
49 50
50 11
51 52
51 71
52 19
53 54
53 66
54 80
55 56
55 63
56 38
57 15
57 95
58 85
59 60
59 89
60 47
61 62
61 90
62 41
63 17
63 82
64 16
65 2
65 66
66 46
67 23
67 68
68 21
69 64
69 70
70 79
71 72
71 73
72 31
73 77
73 94
74 83
75 34
75 76
76 36
77 3
77 78
78 12
79 59
79 80
80 84
81 9
81 82
82 64
83 28
83 84
84 81
85 22
85 86
86 46
87 48
87 88
88 20
89 75
89 90
90 35
91 74
91 92
92 38
93 36
93 94
94 74
95 58
95 96
96 24
97 48
97 98
98 32
99 16
99 100
100 5
