0 37
0 93
2 59
2 61
3 9
3 76
4 72
4 85
5 47
5 73
6 40
6 99
8 27
8 95
15 16
15 41
16 21
17 19
17 83
18 12
19 33
19 98
20 64
21 18
21 63
22 58
23 70
23 79
24 7
25 28
25 52
26 22
27 28
27 90
28 26
29 25
29 30
30 39
31 18
31 32
32 29
33 34
33 36
34 10
35 32
35 36
36 55
37 87
37 96
38 43
39 40
39 88
40 14
41 2
41 42
42 34
43 44
43 67
44 50
45 81
45 86
46 56
47 26
47 48
48 38
49 1
49 50
50 22
51 5
51 66
52 45
53 35
53 54
54 23
55 20
55 97
56 48
57 38
57 58
58 68
59 20
59 65
60 8
61 4
61 71
62 17
63 44
63 89
64 54
65 69
65 77
66 52
67 68
67 82
68 24
69 60
69 70
70 30
71 62
71 72
72 6
73 60
73 74
74 62
75 46
75 76
76 42
77 66
77 78
78 31
79 3
79 80
80 56
81 46
81 82
82 11
83 53
83 84
84 16
85 51
85 86
86 84
87 57
87 88
88 24
89 64
89 90
90 75
91 74
91 92
92 49
93 15
93 94
94 92
95 91
95 96
96 94
97 98
97 100
98 78
99 13
99 100
100 80
