0 2
0 37
1 47
1 95
2 31
2 100
3 16
3 35
4 15
4 65
5 55
5 79
7 17
7 18
15 6
15 98
16 26
17 39
17 87
18 25
19 20
19 30
20 29
21 22
21 54
22 68
23 24
23 57
24 42
25 26
25 93
26 48
27 73
27 92
28 75
29 81
29 99
30 8
31 32
31 96
32 49
33 10
33 34
34 90
35 7
35 46
36 40
37 1
37 69
38 13
39 40
39 67
40 84
41 42
41 80
42 78
43 44
43 61
44 91
45 46
45 50
46 63
47 32
47 48
48 24
49 23
49 85
50 38
51 53
51 59
52 64
53 52
53 83
54 74
55 33
55 56
56 52
57 3
57 76
58 11
59 36
59 60
60 45
61 62
61 77
62 16
63 43
63 64
64 44
65 51
65 66
66 28
67 60
67 68
68 14
69 38
69 70
70 9
71 19
71 72
72 58
73 5
73 74
74 20
75 76
75 88
76 72
77 36
77 86
78 94
79 70
79 80
80 62
81 30
81 82
82 12
83 54
83 84
84 27
85 50
85 86
86 78
87 56
87 88
88 97
89 66
89 90
90 22
91 28
91 92
92 89
93 34
93 94
94 71
95 4
95 96
96 21
97 18
97 98
98 41
99 58
99 100
100 82
