0 1
0 2
1 23
1 45
2 41
2 55
3 10
3 15
6 49
6 87
7 33
7 44
8 27
8 63
15 9
15 30
16 67
17 3
17 97
18 50
19 4
19 77
20 13
21 22
21 66
22 53
23 6
23 61
24 91
25 47
25 84
26 59
27 28
27 37
28 62
29 34
29 39
30 40
31 32
31 58
32 90
33 34
33 88
34 18
35 19
35 93
36 31
37 43
37 95
38 24
39 30
39 40
40 22
41 69
41 83
42 94
43 42
43 48
44 32
45 56
45 64
46 51
47 68
47 79
48 44
49 8
49 81
50 52
51 52
51 86
52 14
53 16
53 60
54 11
55 56
55 70
56 85
57 58
57 78
58 25
59 65
59 80
60 54
61 38
61 75
62 46
63 21
63 64
64 5
65 66
65 98
66 74
67 7
67 68
68 48
69 42
69 70
70 24
71 50
71 72
72 36
73 46
73 74
74 82
75 62
75 76
76 60
77 20
77 78
78 72
79 17
79 80
80 28
81 71
81 82
82 99
83 35
83 84
84 89
85 73
85 100
86 18
87 16
87 88
88 20
89 26
89 90
90 96
91 57
91 92
92 29
93 36
93 94
94 38
95 54
95 96
96 26
97 92
97 98
98 76
99 12
99 100
100 86
