0 2
0 30
1 23
1 95
2 3
2 18
3 8
3 31
4 44
4 69
6 40
6 100
8 29
8 49
15 1
15 61
16 11
17 18
17 65
18 25
19 62
19 83
20 86
21 46
21 91
22 20
23 63
23 92
24 7
25 55
25 73
26 74
27 52
27 76
28 42
29 19
29 30
30 15
31 24
31 53
32 28
33 56
33 75
34 77
35 26
35 98
36 64
37 43
37 70
38 14
39 40
39 68
40 58
41 42
41 72
42 16
43 39
43 47
44 12
45 38
45 46
46 10
47 48
47 57
48 81
49 34
49 50
50 22
51 89
51 90
52 32
53 32
53 54
54 35
55 56
55 60
56 34
57 44
57 58
58 82
59 37
59 60
60 54
61 17
61 97
62 67
63 48
63 64
64 45
65 66
65 85
66 62
67 79
67 87
68 4
69 28
69 70
70 38
71 5
71 72
72 78
73 22
73 74
74 88
75 16
75 76
76 36
77 21
77 78
78 27
79 80
79 94
80 13
81 84
81 93
82 99
83 51
83 84
84 71
85 33
85 86
86 96
87 20
87 88
88 24
89 9
89 90
90 52
91 50
91 92
92 26
93 82
93 94
94 68
95 6
95 96
96 59
97 66
97 98
98 36
99 80
99 100
100 41
