0 1
0 23
1 29
1 30
4 20
4 71
5 34
5 67
8 9
8 51
10 62
10 74
12 14
12 94
15 28
15 41
16 31
17 36
17 57
18 100
19 65
19 79
20 6
21 75
21 82
22 20
23 2
23 24
24 55
25 72
25 99
26 69
27 28
27 45
28 16
29 43
29 60
30 4
31 32
31 42
32 11
33 34
33 86
34 59
35 30
35 89
36 63
37 38
37 81
38 12
39 35
39 97
40 5
41 24
41 87
42 47
43 39
43 85
44 61
45 93
45 98
46 22
47 44
47 70
48 78
49 64
49 88
50 58
51 15
51 56
52 53
53 25
53 54
54 95
55 56
55 83
56 52
57 73
57 90
58 84
59 8
59 60
60 3
61 13
61 62
62 32
63 27
63 64
64 50
65 40
65 92
66 38
67 52
67 68
68 44
69 22
69 70
70 48
71 19
71 72
72 54
73 58
73 74
74 66
75 26
75 76
76 66
77 10
77 78
78 18
79 33
79 80
80 46
81 91
81 96
82 17
83 21
83 84
84 77
85 68
85 86
86 46
87 42
87 88
88 26
89 36
89 90
90 50
91 49
91 92
92 76
93 48
93 94
94 16
95 18
95 96
96 82
97 40
97 98
98 80
99 37
99 100
100 7
