0 2
0 88
1 7
1 8
2 36
2 89
4 51
4 80
5 19
5 27
10 43
10 72
12 28
12 56
15 42
15 94
16 33
17 18
17 90
18 70
19 10
19 48
20 100
21 24
21 39
22 31
23 37
23 54
24 77
25 65
25 75
26 16
27 59
27 83
28 13
29 5
29 30
30 98
31 53
31 82
32 28
33 34
33 57
34 14
35 24
35 36
36 3
37 47
37 71
38 1
39 17
39 86
40 45
41 42
41 46
42 50
43 12
43 66
44 20
45 67
45 74
46 81
47 48
47 97
48 44
49 11
49 50
50 87
51 29
51 84
52 49
53 62
53 91
54 26
55 41
55 63
56 18
57 9
57 69
58 96
59 32
59 60
60 64
61 44
61 62
62 32
63 64
63 92
64 38
65 23
65 66
66 61
67 46
67 68
68 52
69 58
69 70
70 20
71 35
71 79
72 40
73 58
73 74
74 99
75 76
75 78
76 60
77 22
77 93
78 26
79 72
79 80
80 21
81 52
81 82
82 6
83 25
83 84
84 95
85 22
85 86
86 40
87 16
87 88
88 76
89 4
89 90
90 85
91 54
91 92
92 56
93 78
93 94
94 55
95 68
95 96
96 38
97 73
97 98
98 34
99 15
99 100
100 30
