0 1
0 2
1 24
1 86
2 32
2 49
4 26
4 89
6 17
6 51
7 68
7 99
8 12
8 25
15 6
15 91
16 82
17 80
17 83
18 42
19 20
19 38
20 27
21 94
21 96
22 30
23 24
23 97
24 98
25 26
25 31
26 58
27 18
27 52
28 66
29 4
29 44
30 70
31 32
31 87
32 62
33 10
33 34
34 39
35 29
35 47
36 92
37 41
37 57
38 43
39 28
39 40
40 13
41 38
41 42
42 36
43 3
43 74
44 30
45 67
45 81
46 60
47 48
47 79
48 44
49 50
49 69
50 15
51 16
51 52
52 84
53 18
53 54
54 19
55 56
55 71
56 36
57 22
57 58
58 53
59 48
59 76
60 88
61 23
61 62
62 21
63 11
63 64
64 77
65 37
65 66
66 5
67 68
67 75
68 40
69 70
69 95
70 34
71 16
71 72
72 20
73 45
73 74
74 64
75 63
75 90
76 60
77 59
77 78
78 55
79 56
79 80
80 8
81 46
81 82
82 7
83 72
83 84
84 46
85 86
85 100
86 22
87 73
87 88
88 28
89 61
89 90
90 85
91 92
91 93
92 33
93 78
93 94
94 65
95 35
95 96
96 54
97 9
97 98
98 50
99 14
99 100
100 76
