0 19
0 24
1 95
1 97
2 35
2 69
3 18
3 77
4 47
4 60
6 61
6 65
7 10
7 34
15 67
15 89
16 32
17 12
17 18
18 31
19 25
19 37
20 8
21 6
21 36
22 42
23 24
23 44
24 2
25 71
25 85
26 22
27 28
27 74
28 7
29 15
29 62
30 82
31 32
31 46
32 90
33 76
33 78
34 58
35 48
35 68
36 27
37 1
37 38
38 99
39 4
39 40
40 28
41 42
41 49
42 13
43 84
43 92
44 59
45 30
45 94
46 11
47 5
47 91
48 36
49 63
49 96
50 26
51 54
51 93
52 9
53 75
53 79
54 52
55 56
55 81
56 39
57 29
57 86
58 52
59 55
59 60
60 21
61 20
61 62
62 87
63 30
63 70
64 16
65 40
65 66
66 53
67 23
67 68
68 51
69 56
69 88
70 64
71 50
71 72
72 44
73 26
73 74
74 22
75 54
75 76
76 38
77 17
77 78
78 100
79 20
79 80
80 50
81 33
81 82
82 16
83 58
83 84
84 72
85 86
85 98
86 83
87 41
87 88
88 70
89 14
89 90
90 73
91 48
91 92
92 66
93 3
93 94
94 46
95 57
95 96
96 80
97 45
97 98
98 43
99 64
99 100
100 34
