0 23
0 63
1 4
1 18
2 5
2 6
4 9
4 10
6 26
6 64
10 12
10 24
12 43
12 70
15 16
15 59
16 13
17 62
17 67
18 3
19 25
19 58
20 31
21 37
21 96
22 97
23 24
23 49
24 50
25 22
25 95
26 54
27 85
27 99
28 2
29 71
29 72
30 35
31 15
31 32
32 46
33 34
33 40
34 48
35 36
35 89
36 42
37 22
37 61
38 14
39 20
39 40
40 77
41 16
41 66
42 18
43 21
43 53
44 32
45 44
45 93
46 41
47 55
47 81
48 38
49 50
49 79
50 20
51 1
51 68
52 42
53 45
53 54
54 69
55 7
55 56
56 78
57 38
57 58
58 33
59 11
59 60
60 28
61 62
61 100
62 36
63 64
63 65
64 29
65 19
65 80
66 52
67 82
67 84
68 52
69 30
69 90
70 56
71 94
71 98
72 88
73 8
73 74
74 30
75 76
75 91
76 34
77 28
77 92
78 76
79 51
79 80
80 66
81 82
81 86
82 68
83 39
83 84
84 44
85 86
85 87
86 48
87 60
87 88
88 73
89 47
89 90
90 70
91 57
91 92
92 78
93 46
93 94
94 72
95 27
95 96
96 17
97 83
97 98
98 74
99 26
99 100
100 75
