0 15
0 89
1 27
1 38
2 21
2 80
3 7
3 98
4 14
4 100
5 42
5 75
9 11
9 12
15 57
15 77
16 4
17 28
17 34
18 6
19 64
19 86
20 50
21 45
21 91
22 9
23 36
23 61
24 3
25 16
25 82
26 94
27 35
27 74
28 10
29 20
29 72
30 41
31 18
31 65
32 5
33 51
33 60
34 18
35 44
35 85
36 39
37 59
37 69
38 31
39 24
39 40
40 81
41 42
41 73
42 88
43 44
43 62
44 36
45 78
45 79
46 56
47 93
47 96
48 34
49 32
49 50
50 26
51 52
51 55
52 22
53 67
53 84
54 19
55 1
55 56
56 30
57 23
57 58
58 38
59 2
59 60
60 63
61 16
61 71
62 30
63 48
63 64
64 68
65 49
65 66
66 22
67 68
67 90
68 20
69 53
69 70
70 58
71 62
71 83
72 43
73 17
73 74
74 28
75 46
75 76
76 26
77 33
77 78
78 29
79 80
79 95
80 25
81 70
81 82
82 87
83 72
83 84
84 40
85 92
85 99
86 66
87 47
87 88
88 54
89 37
89 90
90 54
91 52
91 92
92 86
93 76
93 94
94 97
95 46
95 96
96 48
97 24
97 98
98 8
99 32
99 100
100 13
