0 1
0 25
1 37
1 44
2 20
2 22
3 78
3 80
4 17
4 47
7 67
7 79
8 29
8 51
15 16
15 96
16 48
17 18
17 38
18 61
19 20
19 35
20 75
21 49
21 58
22 8
23 32
23 86
24 11
25 26
25 53
26 45
27 82
27 90
28 42
29 15
29 30
30 31
31 34
31 60
32 3
33 2
33 56
34 32
35 33
35 62
36 74
37 26
37 38
38 63
39 43
39 68
40 18
41 42
41 72
42 36
43 69
43 83
44 50
45 4
45 46
46 77
47 21
47 48
48 66
49 52
49 89
50 85
51 30
51 52
52 98
53 40
53 97
54 94
55 56
55 99
56 34
57 64
57 84
58 22
59 6
59 60
60 24
61 19
61 88
62 93
63 14
63 64
64 44
65 92
65 100
66 71
67 68
67 91
68 70
69 46
69 70
70 13
71 23
71 72
72 28
73 57
73 74
74 9
75 7
75 76
76 28
77 73
77 78
78 5
79 10
79 80
80 27
81 58
81 87
82 41
83 40
83 84
84 81
85 16
85 86
86 54
87 82
87 88
88 62
89 90
89 95
90 59
91 55
91 92
92 54
93 36
93 94
94 24
95 39
95 96
96 12
97 65
97 98
98 50
99 76
99 100
100 66
