0 2
0 33
2 4
2 81
4 20
4 24
5 22
5 86
6 7
6 8
7 13
7 84
10 11
10 61
15 19
15 79
16 53
17 46
17 56
18 3
19 45
19 52
20 41
21 29
21 54
22 9
23 21
23 50
24 16
25 47
25 63
26 90
27 18
27 82
28 39
29 37
29 49
30 65
31 32
31 43
32 1
33 34
33 57
34 17
35 15
35 95
36 28
37 38
37 59
38 26
39 55
39 83
40 44
41 5
41 42
42 26
43 28
43 44
44 70
45 23
45 46
46 14
47 64
47 78
48 87
49 67
49 91
50 74
51 52
51 100
52 20
53 48
53 89
54 88
55 40
55 56
56 18
57 85
57 94
58 60
59 30
59 60
60 97
61 12
61 62
62 48
63 27
63 64
64 36
65 31
65 66
66 68
67 51
67 68
68 40
69 22
69 70
70 34
71 50
71 72
72 54
73 42
73 74
74 24
75 36
75 76
76 58
77 69
77 78
78 62
79 16
79 80
80 10
81 82
81 92
82 30
83 73
83 98
84 66
85 35
85 86
86 38
87 6
87 88
88 76
89 96
89 99
90 80
91 71
91 92
92 25
93 72
93 94
94 58
95 75
95 96
96 93
97 32
97 98
98 84
99 90
99 100
100 77
