0 45
0 48
1 12
1 30
2 49
2 89
4 40
4 68
6 7
6 52
7 33
7 43
12 14
12 50
15 67
15 71
16 29
17 18
17 26
18 11
19 56
19 77
20 5
21 25
21 63
22 4
23 24
23 65
24 62
25 22
25 35
26 79
27 44
27 80
28 32
29 22
29 30
30 74
31 42
31 81
32 23
33 9
33 34
34 54
35 41
35 70
36 58
37 51
37 98
38 76
39 21
39 40
40 20
41 36
41 73
42 82
43 90
43 99
44 10
45 15
45 84
46 16
47 42
47 48
48 1
49 69
49 85
50 93
51 72
51 86
52 34
53 27
53 54
54 17
55 16
55 56
56 46
57 38
57 94
58 78
59 60
59 61
60 46
61 2
61 62
62 20
63 59
63 100
64 58
65 13
65 66
66 88
67 39
67 68
68 6
69 50
69 70
70 75
71 55
71 72
72 52
73 47
73 97
74 91
75 76
75 83
76 87
77 24
77 78
78 8
79 80
79 96
80 28
81 36
81 82
82 32
83 26
83 84
84 60
85 19
85 86
86 57
87 3
87 88
88 92
89 38
89 90
90 53
91 18
91 92
92 64
93 37
93 94
94 64
95 74
95 96
96 31
97 95
97 98
98 28
99 44
99 100
100 66
