0 19
0 100
2 23
2 77
3 63
3 91
4 18
4 69
5 45
5 47
6 29
6 73
9 84
9 99
15 6
15 34
16 83
17 8
17 18
18 75
19 2
19 55
20 25
21 9
21 49
22 7
23 24
23 78
24 15
25 28
25 40
26 36
27 28
27 38
28 26
29 30
29 81
30 21
31 13
31 95
32 27
33 30
33 34
34 71
35 36
35 42
36 14
37 60
37 65
38 33
39 56
39 89
40 32
41 35
41 42
42 85
43 22
43 44
44 66
45 20
45 96
46 41
47 53
47 68
48 59
49 43
49 50
50 74
51 44
51 90
52 82
53 48
53 54
54 46
55 37
55 76
56 40
57 48
57 98
58 87
59 32
59 60
60 20
61 46
61 62
62 12
63 39
63 64
64 24
65 38
65 86
66 52
67 68
67 72
68 10
69 70
69 92
70 11
71 16
71 72
72 52
73 31
73 93
74 79
75 54
75 76
76 56
77 4
77 78
78 3
79 16
79 94
80 66
81 82
81 88
82 70
83 51
83 84
84 62
85 22
85 86
86 80
87 50
87 88
88 26
89 64
89 90
90 67
91 5
91 92
92 17
93 74
93 94
94 80
95 57
95 96
96 61
97 58
97 98
98 58
99 97
99 100
100 1
