0 31
0 77
2 4
2 99
3 51
3 91
4 30
4 68
5 50
5 74
8 23
8 25
9 11
9 27
15 33
15 88
16 9
17 60
17 79
18 5
19 76
19 87
20 22
21 41
21 43
22 12
23 17
23 85
24 22
25 26
25 47
26 16
27 37
27 75
28 32
29 30
29 55
30 44
31 66
31 67
32 83
33 8
33 34
34 19
35 58
35 70
36 38
37 54
37 97
38 7
39 28
39 40
40 46
41 86
41 100
42 62
43 24
43 44
44 18
45 46
45 80
46 28
47 45
47 48
48 6
49 35
49 52
50 61
51 36
51 90
52 50
53 54
53 94
54 38
55 20
55 56
56 32
57 58
57 95
58 36
59 3
59 60
60 73
61 62
61 64
62 39
63 42
63 64
64 13
65 66
65 78
66 1
67 68
67 93
68 81
69 59
69 72
70 82
71 42
71 72
72 92
73 26
73 74
74 14
75 65
75 76
76 57
77 2
77 78
78 21
79 34
79 80
80 10
81 40
81 82
82 84
83 84
83 96
84 24
85 49
85 86
86 63
87 53
87 88
88 16
89 18
89 90
90 52
91 15
91 92
92 70
93 56
93 94
94 20
95 89
95 96
96 48
97 71
97 98
98 29
99 69
99 100
100 98
