0 79
0 99
1 4
1 64
2 34
2 48
4 17
4 98
8 10
8 31
9 22
9 60
12 28
12 36
15 16
15 80
16 50
17 57
17 66
18 19
19 3
19 76
20 11
21 27
21 56
22 82
23 2
23 58
24 95
25 35
25 39
26 33
27 28
27 55
28 96
29 32
29 71
30 5
31 9
31 86
32 44
33 18
33 84
34 81
35 36
35 91
36 63
37 34
37 38
38 45
39 40
39 43
40 47
41 29
41 61
42 24
43 44
43 87
44 30
45 30
45 46
46 18
47 48
47 77
48 68
49 20
49 100
50 13
51 32
51 52
52 53
53 42
53 54
54 83
55 40
55 56
56 23
57 46
57 75
58 59
59 24
59 65
60 12
61 62
61 67
62 8
63 85
63 94
64 92
65 60
65 69
66 90
67 68
67 72
68 38
69 73
69 74
70 78
71 62
71 72
72 52
73 66
73 74
74 88
75 58
75 76
76 49
77 22
77 78
78 41
79 21
79 89
80 7
81 6
81 82
82 20
83 26
83 84
84 37
85 42
85 86
86 51
87 26
87 88
88 70
89 80
89 93
90 70
91 1
91 92
92 54
93 90
93 94
94 64
95 96
95 97
96 16
97 14
97 98
98 15
99 25
99 100
100 50
