0 1
0 83
1 21
1 44
2 17
2 65
3 22
3 76
4 24
4 62
6 8
6 94
7 23
7 91
15 68
15 73
16 52
17 25
17 30
18 72
19 20
19 64
20 4
21 16
21 51
22 81
23 26
23 85
24 35
25 26
25 29
26 59
27 41
27 42
28 92
29 79
29 95
30 3
31 22
31 55
32 11
33 36
33 46
34 14
35 38
35 58
36 47
37 70
37 77
38 9
39 82
39 99
40 60
41 40
41 84
42 75
43 44
43 78
44 48
45 16
45 46
46 7
47 34
47 48
48 5
49 42
49 61
50 74
51 31
51 57
52 93
53 34
53 90
54 45
55 56
55 87
56 66
57 58
57 71
58 36
59 56
59 86
60 28
61 50
61 100
62 10
63 49
63 64
64 43
65 18
65 66
66 39
67 18
67 68
68 98
69 27
69 70
70 38
71 52
71 72
72 20
73 54
73 74
74 32
75 15
75 96
76 53
77 32
77 78
78 80
79 28
79 80
80 67
81 69
81 82
82 40
83 2
83 84
84 63
85 12
85 86
86 60
87 50
87 89
88 13
89 88
89 97
90 54
91 37
91 92
92 19
93 6
93 94
94 33
95 30
95 96
96 76
97 90
97 98
98 88
99 24
99 100
100 62
