0 27
0 59
2 3
2 4
3 21
3 73
5 10
5 82
6 56
6 87
8 16
8 63
12 43
12 46
15 16
15 39
16 45
17 85
17 92
18 47
19 18
19 78
20 40
21 6
21 22
22 100
23 31
23 32
24 51
25 62
25 88
26 24
27 2
27 57
28 86
29 30
29 67
30 80
31 30
31 83
32 53
33 34
33 70
34 52
35 29
35 36
36 11
37 38
37 65
38 13
39 40
39 61
40 38
41 36
41 42
42 28
43 14
43 91
44 25
45 12
45 46
46 17
47 9
47 48
48 54
49 34
49 50
50 90
51 72
51 96
52 60
53 20
53 98
54 7
55 54
55 56
56 35
57 28
57 66
58 71
59 22
59 60
60 58
61 8
61 62
62 19
63 41
63 64
64 74
65 66
65 95
66 77
67 33
67 81
68 26
69 15
69 79
70 48
71 20
71 72
72 5
73 74
73 97
74 75
75 44
75 76
76 37
77 58
77 99
78 23
79 70
79 80
80 68
81 82
81 94
82 84
83 32
83 84
84 18
85 86
85 93
86 64
87 69
87 88
88 50
89 1
89 90
90 26
91 44
91 92
92 49
93 42
93 94
94 68
95 24
95 96
96 52
97 76
97 98
98 55
99 78
99 100
100 89
