0 1
0 65
2 41
2 81
3 17
3 30
4 6
4 18
5 82
5 98
7 29
7 62
11 36
11 74
15 16
15 23
16 54
17 35
17 37
18 5
19 20
19 86
20 92
21 12
21 64
22 60
23 50
23 72
24 21
25 3
25 26
26 47
27 18
27 28
28 40
29 43
29 79
30 19
31 32
31 84
32 80
33 34
33 75
34 51
35 27
35 95
36 28
37 39
37 90
38 73
39 67
39 93
40 20
41 66
41 83
42 48
43 10
43 44
44 71
45 32
45 100
46 36
47 49
47 53
48 55
49 50
49 57
50 42
51 30
51 52
52 38
53 15
53 54
54 45
55 69
55 97
56 14
57 48
57 59
58 70
59 58
59 88
60 13
61 56
61 62
62 9
63 26
63 89
64 22
65 66
65 87
66 25
67 63
67 68
68 40
69 7
69 70
70 16
71 4
71 72
72 31
73 74
73 76
74 58
75 44
75 76
76 24
77 78
77 85
78 64
79 34
79 80
80 61
81 33
81 82
82 11
83 42
83 84
84 38
85 86
85 91
86 8
87 2
87 88
88 60
89 90
89 99
90 52
91 46
91 92
92 94
93 68
93 94
94 22
95 46
95 96
96 24
97 56
97 98
98 96
99 78
99 100
100 77
