0 1
0 2
1 15
1 21
2 7
2 30
3 31
3 93
7 42
7 51
9 12
9 79
12 25
12 73
15 16
15 92
16 87
17 43
17 76
18 53
19 18
19 54
20 69
21 17
21 37
22 39
23 24
23 71
24 22
25 26
25 61
26 24
27 48
27 50
28 6
29 11
29 30
30 70
31 59
31 81
32 13
33 47
33 78
34 4
35 26
35 57
36 44
37 36
37 90
38 94
39 62
39 77
40 10
41 27
41 55
42 40
43 44
43 83
44 84
45 9
45 46
46 18
47 64
47 66
48 60
49 50
49 58
50 28
51 45
51 52
52 22
53 32
53 67
54 49
55 63
55 65
56 23
57 36
57 58
58 20
59 28
59 60
60 91
61 62
61 88
62 19
63 42
63 64
64 85
65 56
65 66
66 48
67 54
67 68
68 40
69 5
69 72
70 38
71 3
71 72
72 70
73 89
73 99
74 32
75 68
75 76
76 46
77 78
77 82
78 14
79 29
79 80
80 52
81 74
81 82
82 75
83 56
83 84
84 41
85 34
85 96
86 20
87 35
87 98
88 33
89 74
89 100
90 38
91 80
91 92
92 34
93 86
93 94
94 8
95 16
95 97
96 86
97 96
97 98
98 88
99 95
99 100
100 90
