Minimum level: 4
Runtime (sec): 32.85611625004094
Support network with minimum level
61 29
29 10
53 62
62 54
37 52
52 69
50 38
38 9
1 35
1 4
35 31
4 15
5 27
27 45
25 26
26 50
59 60
59 33
60 8
33 34
15 5
43 24
24 72
76 44
44 54
78 46
46 49
45 75
75 68
54 67
10 47
28 30
30 56
7 12
39 40
39 55
40 48
55 56
31 76
31 71
58 36
36 16
16 3
49 37
69 6
23 70
23 1
70 43
48 11
63 64
64 34
56 57
34 42
42 18
41 20
20 39
65 66
66 25
2 7
77 78
77 51
51 19
51 53
72 58
57 22
22 59
47 13
47 63
21 2
68 28
19 61
19 65
67 74
17 77
17 41
74 16
71 32
32 17
18 73
73 14
0 21
0 23
