Minimum level: 2
Runtime (sec): 0.0019102500518783927
Support network with minimum level
62 38
38 35
37 71
71 67
35 30
76 43
43 44
43 12
15 1
1 37
44 56
34 26
26 11
68 26
23 65
65 66
66 54
70 48
48 4
56 41
55 64
64 72
63 68
67 42
42 25
59 60
60 18
17 58
58 16
57 59
54 29
53 17
69 2
2 23
2 19
75 70
61 76
52 62
20 36
36 32
30 18
29 40
40 49
39 14
49 50
32 24
31 9
24 22
50 5
22 28
28 16
45 46
46 61
73 74
74 47
21 27
27 45
27 51
25 63
25 53
47 15
47 75
41 57
0 21
0 69
4 31
51 52
19 20
19 3
72 34
10 39
10 13
33 7
3 8
3 33
16 6
18 10
8 55
8 73
