0 2
0 65
1 29
1 54
2 10
2 32
4 5
4 26
5 8
5 31
9 45
9 66
10 11
10 12
11 16
11 27
12 14
12 25
16 40
16 41
20 22
20 39
23 24
23 64
24 37
25 28
25 52
26 6
27 15
27 42
28 35
29 30
29 53
30 20
31 32
31 33
32 9
33 7
33 34
34 3
35 38
35 55
36 44
37 19
37 38
38 58
39 21
39 57
40 36
41 30
41 51
42 28
43 40
43 56
44 24
45 17
45 47
46 18
47 46
47 48
48 62
49 46
49 50
50 42
51 50
51 52
52 63
53 23
53 54
54 59
55 36
55 56
56 44
57 43
57 58
58 13
59 34
59 60
60 49
61 1
61 62
62 60
63 26
63 64
64 4
65 61
65 66
66 48
