0 40
0 45
1 3
1 23
2 10
2 27
3 51
3 58
6 8
6 37
8 12
8 29
10 43
10 59
12 14
12 46
13 18
13 52
17 20
17 26
18 36
18 48
23 33
23 66
24 9
25 21
25 30
26 19
27 24
27 44
28 17
29 30
29 47
30 26
31 5
31 32
32 38
33 24
33 35
34 32
35 34
35 56
36 57
37 7
37 38
38 25
39 15
39 40
40 49
41 11
41 42
42 4
43 16
43 44
44 63
45 2
45 46
46 13
47 48
47 55
48 34
49 1
49 50
50 60
51 6
51 54
52 62
53 31
53 54
54 52
55 41
55 56
56 50
57 58
57 65
58 53
59 39
59 60
60 36
61 28
61 62
62 28
63 61
63 64
64 42
65 22
65 66
66 64
