0 1
0 29
1 3
1 4
3 5
3 6
4 7
4 8
5 46
5 57
6 14
6 27
7 59
7 64
11 20
11 30
12 16
12 36
13 22
13 58
14 17
14 43
23 55
23 65
24 38
25 47
25 62
26 40
27 33
27 49
28 60
29 39
29 45
30 19
31 24
31 32
32 21
33 41
33 63
34 35
35 28
35 50
36 15
37 32
37 38
38 26
39 40
39 42
40 34
41 53
41 61
42 2
43 18
43 44
44 11
45 30
45 46
46 31
47 9
47 48
48 23
49 48
49 50
50 36
51 34
51 52
52 44
53 54
53 56
54 28
55 24
55 56
56 42
57 52
57 58
58 37
59 10
59 60
60 12
61 51
61 62
62 66
63 54
63 64
64 25
65 13
65 66
66 26
