0 2
0 52
1 25
1 31
2 3
2 27
3 28
3 65
4 26
4 37
6 7
6 23
8 41
8 63
11 13
11 32
13 17
13 38
14 15
14 40
18 42
18 53
23 24
23 36
24 14
25 48
25 62
26 30
27 47
27 51
28 5
29 39
29 49
30 19
31 45
31 50
32 24
33 20
33 35
34 32
35 34
35 43
36 44
37 33
37 38
38 18
39 40
39 46
40 16
41 9
41 42
42 64
43 44
43 59
44 8
45 12
45 46
46 4
47 48
47 61
48 58
49 30
49 55
50 34
51 52
51 57
52 1
53 21
53 54
54 28
55 56
55 60
56 11
57 29
57 66
58 26
59 36
59 60
60 50
61 54
61 62
62 56
63 10
63 64
64 22
65 6
65 66
66 58
