0 1
0 2
1 11
1 12
2 4
2 45
3 24
3 55
4 7
4 51
5 17
5 18
7 32
7 49
8 9
8 57
11 27
11 61
14 44
14 54
17 22
17 23
23 30
23 34
24 36
25 13
25 31
26 3
27 14
27 43
28 21
29 46
29 53
30 24
31 41
31 50
32 20
33 34
33 56
34 28
35 48
35 60
36 6
37 38
37 58
38 40
39 19
39 65
40 35
41 26
41 42
42 32
43 28
43 44
44 15
45 46
45 64
46 30
47 37
47 48
48 36
49 39
49 50
50 42
51 33
51 52
52 66
53 8
53 54
54 62
55 38
55 56
56 29
57 58
57 59
58 16
59 10
59 60
60 5
61 62
61 63
62 47
63 25
63 64
64 52
65 40
65 66
66 26
