0 1
0 2
1 34
1 42
2 3
2 33
3 5
3 59
4 11
4 49
5 7
5 8
6 30
6 31
7 47
7 55
8 15
8 66
11 57
11 60
14 23
14 43
23 20
23 61
24 12
25 10
25 45
26 52
27 44
27 53
28 51
29 30
29 62
30 21
31 22
31 32
32 14
33 28
33 34
34 25
35 26
35 36
36 29
37 16
37 38
38 18
39 36
39 63
40 46
41 40
41 42
42 39
43 44
43 56
44 28
45 35
45 46
46 24
47 27
47 58
48 40
49 24
49 65
50 48
51 4
51 52
52 13
53 32
53 54
54 41
55 26
55 64
56 19
57 17
57 58
58 48
59 6
59 60
60 38
61 54
61 62
62 9
63 50
63 64
64 56
65 50
65 66
66 37
