0 1
0 33
2 50
2 57
4 35
4 59
5 27
5 37
7 25
7 44
8 28
8 55
10 19
10 60
11 13
11 42
13 16
13 45
16 52
16 56
17 22
17 66
23 9
23 36
24 54
25 11
25 26
26 24
27 28
27 46
28 58
29 3
29 32
30 53
31 7
31 32
32 63
33 2
33 34
34 4
35 6
35 36
36 24
37 31
37 40
38 20
39 30
39 65
40 49
41 42
41 62
42 14
43 39
43 44
44 61
45 46
45 51
46 48
47 41
47 48
48 8
49 38
49 50
50 29
51 15
51 52
52 43
53 54
53 64
54 12
55 23
55 56
56 18
57 34
57 58
58 10
59 5
59 60
60 38
61 26
61 62
62 17
63 30
63 64
64 47
65 40
65 66
66 21
