0 25
0 40
1 47
1 62
2 28
2 34
3 8
3 64
4 9
4 49
5 12
5 46
10 23
10 36
11 15
11 55
12 14
12 56
16 21
16 22
18 19
18 20
23 39
23 48
24 2
25 1
25 26
26 10
27 54
27 60
28 63
29 26
29 45
30 24
31 5
31 52
32 16
33 34
33 44
34 65
35 11
35 36
36 17
37 32
37 38
38 3
39 53
39 58
40 30
41 42
41 43
42 6
43 33
43 51
44 50
45 30
45 46
46 35
47 48
47 59
48 57
49 29
49 50
50 18
51 44
51 52
52 32
53 40
53 54
54 28
55 27
55 56
56 66
57 41
57 58
58 61
59 4
59 60
60 37
61 24
61 62
62 38
63 42
63 64
64 7
65 31
65 66
66 13
