0 1
0 33
1 27
1 54
2 7
2 37
3 6
3 51
4 16
4 44
5 45
5 57
6 9
6 52
7 11
7 40
11 36
11 50
18 20
18 55
20 28
20 62
23 24
23 47
24 30
25 26
25 32
26 12
27 4
27 56
28 66
29 15
29 49
30 58
31 18
31 32
32 59
33 2
33 34
34 65
35 8
35 36
36 64
37 38
37 39
38 31
39 35
39 61
40 48
41 25
41 42
42 60
43 40
43 44
44 53
45 41
45 46
46 28
47 17
47 48
48 26
49 30
49 50
50 13
51 5
51 52
52 10
53 29
53 54
54 34
55 19
55 56
56 46
57 58
57 63
58 22
59 42
59 60
60 23
61 43
61 62
62 24
63 38
63 64
64 14
65 3
65 66
66 21
