0 1
0 2
1 29
1 42
2 6
2 31
4 26
4 37
5 33
5 52
6 24
6 30
7 13
7 55
8 18
8 58
12 15
12 28
17 19
17 64
18 21
18 63
23 24
23 43
24 34
25 26
25 40
26 8
27 28
27 51
28 44
29 45
29 61
30 10
31 54
31 65
32 48
33 27
33 34
34 9
35 32
35 47
36 14
37 7
37 46
38 22
39 30
39 41
40 4
41 40
41 42
42 3
43 20
43 44
44 16
45 46
45 50
46 62
47 36
47 48
48 25
49 32
49 50
50 39
51 11
51 66
52 12
53 17
53 60
54 5
55 36
55 57
56 38
57 56
57 58
58 53
59 38
59 60
60 54
61 35
61 62
62 56
63 59
63 64
64 23
65 49
65 66
66 52
