0 59
0 63
1 3
1 4
3 37
3 38
4 13
4 14
5 8
5 52
6 31
6 57
7 21
7 44
8 25
8 33
9 18
9 29
10 11
10 30
12 24
12 36
23 24
23 42
24 19
25 32
25 48
26 39
27 28
27 61
28 66
29 26
29 30
30 12
31 45
31 56
32 58
33 34
33 47
34 26
35 17
35 65
36 51
37 6
37 38
38 5
39 35
39 40
40 54
41 23
41 46
42 43
43 9
43 44
44 22
45 32
45 50
46 42
47 10
47 48
48 41
49 16
49 50
50 46
51 52
51 64
52 40
53 49
53 54
54 28
55 56
55 60
56 15
57 53
57 62
58 55
59 2
59 60
60 34
61 1
61 62
62 58
63 27
63 64
64 20
65 36
65 66
66 7
