Minimum level: 5
Runtime (sec): 0.2024226249777712
Support network with minimum level
1 25
25 93
51 52
52 37
75 76
76 88
50 20
20 7
90 54
54 75
84 54
18 46
46 22
95 96
96 97
87 45
45 95
23 27
27 43
27 56
92 82
82 49
44 19
19 15
7 13
7 60
60 18
59 6
70 68
68 28
56 68
89 77
77 83
77 4
53 90
99 48
48 102
37 100
100 38
65 66
66 39
39 42
42 5
85 86
86 62
62 40
21 69
69 64
31 32
32 87
22 16
57 47
57 58
47 99
58 41
93 94
79 34
34 26
78 80
80 18
3 9
3 10
10 21
10 67
16 14
15 104
104 74
103 55
55 81
55 71
40 30
41 101
101 65
17 1
17 78
83 84
67 33
67 70
33 38
64 31
63 36
36 91
0 61
61 29
61 85
38 44
97 98
98 79
88 24
29 2
2 35
2 89
30 24
94 3
28 8
71 72
72 23
26 73
49 50
4 103
24 12
35 57
35 63
43 51
81 92
91 17
102 59
74 11
73 53
