Minimum level: 3
Runtime (sec): 0.33811991702532396
Support network with minimum level
17 25
17 78
25 18
78 41
77 26
26 76
6 8
72 37
37 10
22 54
54 16
53 55
55 27
67 6
67 75
75 76
40 31
31 65
31 17
19 49
49 20
23 24
24 67
70 38
38 4
46 47
47 61
35 2
35 60
2 43
2 23
60 68
59 52
52 16
51 62
62 12
61 69
69 51
69 70
29 3
29 30
30 28
27 50
50 35
20 11
21 34
34 42
33 14
76 7
68 74
1 5
18 19
71 44
44 56
58 72
36 21
41 73
41 45
73 63
45 57
56 77
10 48
10 33
43 71
65 66
66 29
16 32
32 13
48 59
57 58
9 46
74 36
7 9
63 64
64 42
28 22
42 28
15 39
15 40
39 53
0 1
0 15
