Minimum level: 3
Runtime (sec): 28.125914541014936
Support network with minimum level
37 77
77 84
71 38
38 7
39 72
72 40
27 28
27 1
28 9
1 3
16 37
66 50
50 56
2 34
34 82
65 66
49 69
69 70
69 81
74 48
48 42
21 47
47 61
0 27
0 17
17 36
17 75
42 22
44 42
78 52
52 24
51 29
29 16
29 55
45 10
45 49
10 13
10 15
31 21
22 32
32 4
63 57
57 53
20 64
64 26
61 67
73 74
79 80
80 68
55 30
55 62
30 54
62 56
67 14
67 73
83 59
59 60
84 78
40 5
76 12
18 45
15 31
24 11
26 24
68 78
23 19
19 35
19 33
70 44
41 18
3 25
25 83
25 39
54 6
53 65
60 76
8 60
33 20
33 63
35 58
58 51
36 2
75 41
82 40
81 46
46 43
4 8
4 71
56 79
43 23
