Minimum level: 3
Runtime (sec): 0.1691107499646023
Support network with minimum level
81 41
41 87
85 86
86 82
29 40
40 52
84 30
30 31
39 25
39 58
25 64
58 85
57 83
83 89
52 36
55 56
56 20
37 51
51 42
51 57
65 81
62 66
66 36
89 55
22 90
90 2
91 95
95 96
95 67
32 92
92 12
68 75
75 76
60 94
94 54
93 94
79 84
61 80
80 62
28 16
16 8
31 69
31 50
69 53
50 77
49 24
24 68
23 33
33 15
26 18
18 20
64 26
63 27
27 43
36 82
96 93
82 72
72 73
71 28
43 17
87 88
88 3
2 47
47 23
45 48
48 70
3 46
46 6
76 74
74 5
20 22
0 59
0 19
59 60
59 35
19 37
19 39
11 45
11 13
21 1
1 63
1 11
42 38
15 71
35 21
73 10
6 79
38 61
77 32
44 78
78 14
54 4
53 7
8 29
8 9
67 49
70 44
17 34
17 65
34 91
