Minimum level: 7
Runtime (sec): 47.56216366699664
Support network with minimum level
64 109
109 110
63 107
107 108
69 70
70 92
90 88
88 4
54 71
71 86
98 72
72 64
108 44
43 13
0 1
0 2
1 61
1 85
2 103
2 53
102 74
74 82
73 7
97 75
97 98
75 33
75 76
86 97
85 47
47 19
47 48
78 16
16 64
77 80
80 78
79 106
106 68
105 106
55 50
50 46
39 56
56 78
101 40
40 93
35 102
44 36
82 18
18 57
29 99
99 100
66 95
95 21
68 52
94 68
96 36
36 83
67 79
21 38
21 28
38 22
28 29
27 59
59 26
58 30
30 11
20 30
81 73
32 35
23 101
23 24
24 37
8 60
60 15
26 49
53 54
37 62
62 67
61 3
3 45
3 5
83 10
42 84
84 58
89 43
89 104
104 90
103 25
25 81
25 27
33 9
33 87
76 77
15 96
49 23
49 105
93 94
34 46
46 42
100 12
41 42
110 32
52 6
57 14
17 31
17 41
31 91
9 17
87 65
22 89
91 63
19 69
48 8
51 34
4 20
65 51
65 66
45 39
45 55
92 22
