Minimum level: 5
Runtime (sec): 16.092670334037393
Support network with minimum level
66 18
18 15
65 66
95 96
96 60
44 96
55 77
55 88
77 93
77 78
88 68
87 71
71 85
42 46
46 44
45 16
16 73
59 60
60 12
61 17
17 33
17 82
85 86
86 80
22 54
54 76
63 23
23 24
41 64
41 40
64 42
40 36
35 32
32 56
31 84
84 79
83 37
37 45
37 55
1 75
1 4
75 3
68 56
67 48
48 99
43 63
20 47
47 72
47 2
72 67
2 7
33 65
33 53
82 39
81 21
21 94
93 69
69 38
94 29
89 90
90 28
79 58
58 52
80 62
26 24
24 83
30 20
36 51
51 52
100 98
98 22
97 50
50 70
49 13
70 30
29 49
3 95
3 6
76 11
99 44
5 100
53 87
6 59
6 61
38 62
27 26
15 34
34 19
7 9
7 31
25 43
25 27
56 28
78 8
52 10
74 89
39 57
39 92
57 14
92 41
91 5
73 74
73 81
19 91
19 25
28 22
62 35
0 97
0 1
