Minimum level: 2
Runtime (sec): 0.02857195900287479
Support network with minimum level
70 53
53 73
22 71
71 72
38 86
86 19
85 79
79 5
45 21
45 46
21 18
46 26
12 13
88 80
80 36
58 32
32 81
31 85
81 1
1 9
73 82
82 74
55 54
54 50
51 56
56 92
66 52
52 33
36 74
35 28
28 61
27 28
77 78
78 7
50 44
44 89
34 20
20 42
87 88
23 43
43 77
9 22
83 84
84 51
69 70
40 16
16 48
48 37
37 2
37 60
29 75
75 76
75 31
61 30
30 65
67 62
62 58
60 68
68 38
33 59
33 64
59 25
64 34
63 47
47 40
49 83
17 4
4 91
4 29
18 35
74 24
24 11
42 3
41 10
2 49
2 17
25 12
92 38
91 6
6 8
6 57
0 63
0 39
39 15
72 41
15 23
15 69
76 45
19 87
89 90
90 66
65 55
26 14
57 27
57 67
