0 34
0 69
1 8
1 40
2 29
2 61
3 30
3 62
4 37
4 53
8 12
8 44
11 13
11 46
15 2
15 16
16 52
17 49
17 67
18 1
19 10
19 38
20 68
21 47
21 48
22 18
23 16
23 50
24 20
25 28
25 45
26 14
27 28
27 39
28 56
29 4
29 57
30 25
31 32
31 33
32 20
33 9
33 41
34 64
35 36
35 55
36 59
37 31
37 38
38 35
39 40
39 43
40 7
41 65
41 72
42 3
43 26
43 44
44 54
45 27
45 46
46 26
47 58
47 60
48 22
49 32
49 50
50 24
51 17
51 52
52 63
53 54
53 71
54 11
55 24
55 56
56 66
57 36
57 58
58 70
59 30
59 60
60 48
61 51
61 62
62 21
63 19
63 64
64 18
65 34
65 66
66 5
67 22
67 68
68 42
69 15
69 70
70 6
71 23
71 72
72 42
