0 19
0 45
1 54
1 69
2 7
2 8
3 9
3 10
4 5
4 38
7 11
7 37
8 58
8 65
15 29
15 30
16 6
17 44
17 61
18 56
19 20
19 39
20 42
21 22
21 27
22 33
23 36
23 70
24 26
25 17
25 59
26 49
27 28
27 66
28 72
29 16
29 30
30 35
31 43
31 47
32 55
33 2
33 34
34 48
35 24
35 36
36 60
37 12
37 38
38 34
39 40
39 62
40 63
41 42
41 57
42 40
43 15
43 44
44 23
45 46
45 53
46 50
47 32
47 48
48 20
49 50
49 51
50 28
51 52
51 68
52 13
53 1
53 54
54 25
55 18
55 56
56 21
57 18
57 64
58 46
59 60
59 71
60 32
61 62
61 67
62 22
63 16
63 64
64 58
65 14
65 66
66 3
67 31
67 68
68 4
69 41
69 70
70 24
71 26
71 72
72 52
