0 17
0 61
1 15
1 19
2 26
2 53
3 30
3 36
4 7
4 56
8 13
8 14
9 12
9 57
15 22
15 28
16 34
17 23
17 70
18 62
19 9
19 44
20 69
21 16
21 25
22 10
23 49
23 65
24 4
25 26
25 35
26 24
27 28
27 63
28 59
29 2
29 54
30 50
31 33
31 64
32 30
33 38
33 43
34 11
35 39
35 45
36 31
37 40
37 42
38 34
39 22
39 40
40 38
41 18
41 42
42 5
43 32
43 44
44 52
45 36
45 46
46 48
47 46
47 48
48 51
49 24
49 50
50 58
51 52
51 66
52 20
53 3
53 54
54 32
55 16
55 56
56 47
57 21
57 71
58 20
59 55
59 68
60 6
61 29
61 62
62 8
63 1
63 64
64 37
65 27
65 66
66 67
67 41
67 68
68 60
69 70
69 72
70 18
71 58
71 72
72 60
