0 27
0 37
1 32
1 40
2 4
2 35
3 14
3 33
4 36
4 57
7 10
7 28
10 60
10 62
15 64
15 71
16 51
17 18
17 52
18 20
19 2
19 63
20 26
21 23
21 24
22 43
23 24
23 29
24 22
25 48
25 66
26 12
27 1
27 34
28 9
29 25
29 49
30 67
31 6
31 50
32 16
33 39
33 58
34 28
35 3
35 36
36 30
37 19
37 38
38 31
39 15
39 40
40 65
41 42
41 45
42 72
43 11
43 44
44 20
45 44
45 46
46 56
47 42
47 48
48 41
49 50
49 61
50 47
51 17
51 52
52 7
53 8
53 55
54 59
55 54
55 69
56 54
57 38
57 58
58 34
59 16
59 60
60 22
61 30
61 62
62 18
63 21
63 64
64 46
65 53
65 66
66 26
67 5
67 68
68 13
69 56
69 70
70 32
71 68
71 72
72 70
