0 48
0 67
1 21
1 37
3 6
3 55
4 38
4 57
6 9
6 29
7 42
7 65
9 12
9 45
15 18
15 68
16 2
17 41
17 43
18 22
19 20
19 58
20 54
21 46
21 51
22 50
23 24
23 49
24 5
25 26
25 61
26 66
27 28
27 53
28 11
29 31
29 44
30 14
31 10
31 32
32 7
33 16
33 52
34 13
35 36
35 40
36 23
37 4
37 38
38 8
39 47
39 64
40 22
41 28
41 42
42 34
43 44
43 70
44 30
45 39
45 71
46 59
47 40
47 48
48 60
49 17
49 50
50 32
51 3
51 52
52 69
53 35
53 54
54 30
55 19
55 56
56 72
57 15
57 58
58 63
59 25
59 60
60 33
61 56
61 62
62 24
63 26
63 64
64 36
65 20
65 66
66 62
67 1
67 68
68 16
69 34
69 70
70 18
71 46
71 72
72 27
