0 2
0 37
1 41
1 57
2 35
2 66
4 16
4 51
5 18
5 58
7 9
7 10
12 14
12 55
15 22
15 59
16 12
17 8
17 18
18 45
19 6
19 28
20 62
21 13
21 31
22 46
23 24
23 52
24 68
25 53
25 63
26 50
27 24
27 28
28 23
29 26
29 36
30 5
31 32
31 33
32 30
33 34
33 38
34 42
35 15
35 49
36 40
37 54
37 71
38 22
39 40
39 56
40 30
41 19
41 43
42 29
43 44
43 64
44 34
45 7
45 69
46 27
47 36
47 60
48 70
49 47
49 65
50 20
51 25
51 52
52 48
53 39
53 54
54 1
55 21
55 56
56 44
57 32
57 58
58 17
59 60
59 72
60 48
61 26
61 62
62 3
63 11
63 64
64 42
65 50
65 66
66 4
67 16
67 68
68 61
69 46
69 70
70 20
71 38
71 72
72 67
