0 2
0 49
1 16
1 62
2 39
2 43
4 25
4 69
5 48
5 70
6 7
6 40
8 10
8 37
15 16
15 61
16 19
17 26
17 58
18 64
19 33
19 44
20 45
21 38
21 60
22 65
23 34
23 41
24 27
25 31
25 68
26 18
27 22
27 46
28 32
29 18
29 30
30 24
31 32
31 54
32 5
33 53
33 63
34 4
35 14
35 59
36 8
37 20
37 47
38 22
39 28
39 42
40 55
41 30
41 67
42 40
43 6
43 44
44 3
45 17
45 52
46 28
47 38
47 48
48 11
49 15
49 50
50 57
51 36
51 52
52 46
53 24
53 54
54 71
55 51
55 56
56 66
57 21
57 58
58 9
59 36
59 60
60 72
61 1
61 62
62 23
63 34
63 64
64 13
65 20
65 66
66 26
67 42
67 68
68 56
69 35
69 70
70 12
71 50
71 72
72 29
