0 37
0 64
1 3
1 28
3 16
3 57
5 27
5 30
6 19
6 58
8 10
8 35
9 13
9 36
15 16
15 31
16 47
17 12
17 18
18 40
19 33
19 54
20 45
21 24
21 38
22 20
23 29
23 44
24 56
25 69
25 72
26 32
27 41
27 60
28 4
29 26
29 30
30 70
31 25
31 32
32 6
33 39
33 55
34 42
35 36
35 67
36 68
37 15
37 38
38 51
39 20
39 61
40 52
41 28
41 50
42 62
43 44
43 65
44 24
45 8
45 48
46 11
47 48
47 59
48 46
49 50
49 66
50 42
51 1
51 71
52 5
53 14
53 54
54 46
55 34
55 56
56 49
57 23
57 58
58 17
59 18
59 60
60 34
61 40
61 62
62 7
63 9
63 64
64 2
65 22
65 66
66 22
67 63
67 68
68 53
69 21
69 70
70 43
71 52
71 72
72 26
