0 1
0 29
1 19
1 67
3 49
3 70
4 13
4 22
5 24
5 55
6 11
6 33
8 40
8 44
15 27
15 28
16 3
17 18
17 32
18 61
19 17
19 59
20 43
21 5
21 22
22 14
23 15
23 60
24 42
25 26
25 57
26 4
27 41
27 66
28 26
29 63
29 68
30 10
31 18
31 32
32 20
33 12
33 69
34 62
35 28
35 36
36 38
37 16
37 51
38 30
39 24
39 40
40 52
41 35
41 65
42 8
43 16
43 44
44 9
45 46
45 54
46 6
47 36
47 50
48 39
49 50
49 58
50 48
51 38
51 52
52 30
53 31
53 56
54 42
55 7
55 56
56 54
57 2
57 58
58 46
59 20
59 60
60 48
61 62
61 71
62 21
63 64
63 72
64 25
65 45
65 66
66 37
67 53
67 68
68 64
69 34
69 70
70 34
71 23
71 72
72 47
