0 1
0 2
1 3
1 51
2 27
2 58
3 29
3 69
4 6
4 16
7 12
7 52
10 42
10 65
15 16
15 47
16 34
17 43
17 63
18 61
19 24
19 70
20 14
21 28
21 33
22 9
23 24
23 53
24 60
25 62
25 67
26 18
27 25
27 71
28 66
29 7
29 30
30 23
31 35
31 54
32 46
33 32
33 34
34 39
35 36
35 44
36 19
37 8
37 38
38 13
39 5
39 40
40 26
41 37
41 42
42 38
43 44
43 72
44 30
45 22
45 64
46 50
47 31
47 48
48 21
49 26
49 55
50 22
51 17
51 59
52 11
53 20
53 54
54 32
55 50
55 56
56 45
57 40
57 58
58 10
59 52
59 60
60 68
61 41
61 62
62 36
63 57
63 64
64 46
65 15
65 66
66 4
67 49
67 68
68 20
69 18
69 70
70 56
71 28
71 72
72 48
