0 1
0 2
1 6
1 29
2 33
2 43
4 53
4 62
7 47
7 70
8 10
8 49
12 13
12 44
15 16
15 21
16 31
17 37
17 54
18 67
19 61
19 68
20 4
21 51
21 52
22 35
23 3
23 38
24 28
25 27
25 55
26 7
27 39
27 48
28 30
29 15
29 30
30 72
31 32
31 56
32 24
33 20
33 34
34 26
35 25
35 69
36 66
37 18
37 38
38 32
39 26
39 40
40 18
41 22
41 42
42 71
43 19
43 44
44 58
45 5
45 46
46 50
47 46
47 48
48 57
49 17
49 60
50 12
51 45
51 52
52 22
53 54
53 59
54 65
55 8
55 56
56 11
57 28
57 58
58 24
59 34
59 60
60 50
61 20
61 62
62 41
63 23
63 64
64 14
65 9
65 66
66 40
67 16
67 68
68 63
69 36
69 70
70 42
71 36
71 72
72 64
