0 22
0 57
1 8
1 25
2 41
2 63
3 5
3 64
4 34
4 36
5 39
5 60
6 13
6 30
15 20
15 23
16 3
17 19
17 53
18 68
19 27
19 54
20 16
21 22
21 24
22 1
23 58
23 72
24 37
25 26
25 32
26 71
27 33
27 69
28 51
29 30
29 52
30 14
31 32
31 43
32 29
33 21
33 67
34 55
35 36
35 38
36 10
37 28
37 48
38 31
39 35
39 40
40 50
41 18
41 42
42 45
43 40
43 46
44 66
45 16
45 46
46 44
47 44
47 48
48 61
49 50
49 62
50 11
51 20
51 56
52 7
53 54
53 70
54 26
55 9
55 56
56 52
57 17
57 58
58 4
59 47
59 60
60 12
61 38
61 62
62 6
63 42
63 64
64 49
65 2
65 66
66 34
67 59
67 68
68 15
69 28
69 70
70 18
71 65
71 72
72 24
