0 37
0 41
1 32
1 62
2 38
2 57
3 39
3 43
5 7
5 20
9 11
9 17
10 24
10 26
15 12
15 16
16 60
17 15
17 18
18 22
19 18
19 20
20 8
21 34
21 55
22 66
23 42
23 50
24 56
25 49
25 53
26 35
27 28
27 44
28 46
29 9
29 30
30 28
31 32
31 64
32 6
33 23
33 34
34 22
35 21
35 36
36 69
37 54
37 61
38 3
39 10
39 40
40 4
41 42
41 47
42 36
43 27
43 44
44 29
45 46
45 58
46 16
47 48
47 71
48 51
49 50
49 68
50 65
51 52
51 59
52 13
53 26
53 54
54 2
55 33
55 56
56 72
57 40
57 58
58 70
59 38
59 60
60 14
61 48
61 62
62 25
63 24
63 64
64 19
65 52
65 66
66 5
67 1
67 68
68 31
69 63
69 70
70 30
71 67
71 72
72 45
