Minimum level: 3
Runtime (sec): 0.012733040959574282
Support network with minimum level
22 15
15 16
18 60
60 44
59 64
64 36
63 54
54 57
43 38
38 18
37 8
23 69
23 59
69 5
52 62
62 48
61 32
32 40
17 35
35 29
0 21
0 2
21 17
21 73
2 39
2 55
44 68
68 41
67 65
65 56
10 11
10 22
73 74
74 52
51 33
33 19
33 34
26 13
42 20
20 10
25 26
49 50
50 42
19 7
46 28
28 6
27 3
3 25
34 72
29 67
36 52
57 58
41 27
41 45
45 70
40 66
39 31
31 71
66 43
56 1
55 4
4 51
47 30
30 37
48 24
24 58
16 9
1 23
1 46
70 42
5 53
5 49
58 12
71 61
72 47
53 14
53 63
