0 57
0 73
1 3
1 4
2 29
2 68
3 6
3 77
4 32
4 76
5 48
5 62
6 8
6 39
7 18
7 45
8 41
8 44
10 24
10 35
11 31
11 69
14 19
14 33
24 26
24 42
27 43
27 78
28 38
29 30
29 72
30 54
31 27
31 32
32 55
33 46
33 58
34 60
35 23
35 37
36 71
37 36
37 38
38 17
39 30
39 40
40 20
41 11
41 42
42 53
43 52
43 74
44 12
45 51
45 56
46 47
47 40
47 48
48 21
49 50
49 66
50 16
51 28
51 52
52 28
53 54
53 64
54 75
55 10
55 56
56 46
57 63
57 70
58 34
59 15
59 60
60 49
61 58
61 65
62 22
63 61
63 64
64 36
65 62
65 66
66 7
67 9
67 68
68 13
69 50
69 70
70 2
71 25
71 72
72 14
73 1
73 74
74 44
75 34
75 76
76 67
77 5
77 78
78 59
