0 1
0 69
1 7
1 8
2 33
2 53
3 42
3 68
4 12
4 35
5 10
5 36
7 14
7 55
9 19
9 78
11 18
11 28
12 38
12 39
13 15
13 49
20 21
20 22
23 26
23 66
27 28
27 46
28 17
29 30
29 58
30 27
31 37
31 40
32 51
33 4
33 45
34 24
35 36
35 52
36 9
37 38
37 73
38 64
39 61
39 62
40 3
41 16
41 47
42 29
43 34
43 44
44 67
45 43
45 46
46 34
47 48
47 54
48 20
49 50
49 76
50 31
51 52
51 65
52 74
53 50
53 57
54 70
55 13
55 56
56 32
57 54
57 58
58 32
59 23
59 60
60 77
61 62
61 63
62 72
63 30
63 64
64 44
65 5
65 66
66 25
67 59
67 68
68 6
69 2
69 70
70 42
71 56
71 72
72 75
73 71
73 74
74 11
75 60
75 76
76 41
77 40
77 78
78 48
