0 1
0 68
1 33
1 73
2 52
2 78
3 6
3 37
4 12
4 32
5 56
5 61
6 8
6 30
7 10
7 46
13 17
13 62
16 19
16 75
18 28
18 57
21 25
21 59
22 24
22 43
27 5
27 28
28 21
29 4
29 35
30 31
31 40
31 45
32 44
33 50
33 63
34 27
35 30
35 53
36 14
37 34
37 51
38 41
39 23
39 40
40 60
41 26
41 42
42 76
43 39
43 72
44 11
45 54
45 67
46 9
47 29
47 48
48 44
49 50
49 55
50 3
51 52
51 58
52 16
53 49
53 54
54 46
55 36
55 56
56 13
57 58
57 66
58 38
59 60
59 77
60 32
61 62
61 71
62 74
63 34
63 64
64 48
65 66
65 70
66 22
67 7
67 69
68 2
69 68
69 70
70 18
71 42
71 72
72 64
73 47
73 74
74 65
75 20
75 76
76 36
77 38
77 78
78 15
