0 1
0 67
1 29
1 77
3 7
3 8
4 6
4 61
6 17
6 18
7 9
7 71
9 12
9 44
11 19
11 20
12 14
12 58
13 31
13 56
14 41
14 59
19 21
19 47
23 25
23 70
27 34
27 69
28 62
29 48
29 49
30 22
31 32
31 75
32 76
33 11
33 66
34 10
35 40
35 43
36 63
37 23
37 72
38 35
39 40
39 65
40 36
41 51
41 53
42 39
43 32
43 44
44 33
45 30
45 46
46 15
47 48
47 60
48 45
49 50
49 68
50 64
51 42
51 52
52 57
53 16
53 54
54 13
55 3
55 56
56 50
57 38
57 58
58 54
59 28
59 60
60 30
61 5
61 62
62 36
63 46
63 64
64 24
65 4
65 66
66 34
67 2
67 68
68 55
69 73
69 74
70 26
71 52
71 78
72 38
73 28
73 74
74 70
75 37
75 76
76 27
77 42
77 78
78 72
