0 1
0 35
1 7
1 8
2 3
2 75
3 10
3 60
4 27
4 34
6 50
6 69
7 29
7 49
8 23
8 24
9 47
9 48
10 30
10 44
13 57
13 76
14 32
14 70
22 25
22 26
27 5
27 28
28 58
29 28
29 30
30 33
31 62
31 72
32 39
33 34
33 78
34 59
35 65
35 77
36 67
37 11
37 38
38 51
39 40
39 42
40 56
41 38
41 42
42 52
43 44
43 71
44 36
45 32
45 66
46 53
47 48
47 55
48 54
49 37
49 50
50 19
51 45
51 52
52 22
53 18
53 68
54 15
55 16
55 56
56 46
57 31
57 58
58 12
59 43
59 60
60 9
61 20
61 62
62 41
63 6
63 64
64 61
65 2
65 66
66 73
67 13
67 74
68 54
69 64
69 70
70 21
71 63
71 72
72 40
73 46
73 74
74 68
75 4
75 76
76 17
77 36
77 78
78 14
