0 41
0 71
1 3
1 35
2 58
2 61
3 46
3 67
4 6
4 44
6 38
6 51
7 49
7 64
8 9
8 27
10 14
10 32
11 22
11 62
13 37
13 70
15 17
15 69
21 23
21 29
27 28
27 31
28 18
29 63
29 72
30 36
31 53
31 65
32 13
33 7
33 68
34 21
35 36
35 55
36 12
37 42
37 74
38 43
39 40
39 50
40 20
41 1
41 42
42 38
43 47
43 48
44 5
45 32
45 46
46 76
47 44
47 48
48 54
49 39
49 50
50 15
51 57
51 59
52 25
53 54
53 60
54 33
55 66
55 73
56 19
57 8
57 58
58 78
59 52
59 60
60 10
61 11
61 62
62 34
63 30
63 64
64 16
65 45
65 66
66 56
67 56
67 68
68 34
69 28
69 70
70 52
71 2
71 72
72 24
73 74
73 77
74 75
75 26
75 76
76 40
77 4
77 78
78 30
