0 1
0 2
1 7
1 33
2 57
2 71
3 32
3 74
4 6
4 27
5 16
5 30
7 21
7 42
8 12
8 29
10 20
10 37
11 13
11 14
13 44
13 54
15 40
15 77
17 24
17 50
27 47
27 66
28 75
29 11
29 55
30 63
31 15
31 32
32 62
33 8
33 34
34 60
35 36
35 49
36 31
37 19
37 38
38 17
39 40
39 78
40 25
41 38
41 42
42 22
43 51
43 52
44 68
45 39
45 46
46 41
47 5
47 64
48 23
49 30
49 50
50 48
51 52
51 65
52 4
53 54
53 76
54 46
55 35
55 56
56 43
57 56
57 58
58 28
59 60
59 69
60 10
61 28
61 62
62 9
63 36
63 70
64 48
65 44
65 73
66 58
67 61
67 68
68 18
69 34
69 70
70 64
71 67
71 72
72 53
73 66
73 74
74 72
75 3
75 76
76 59
77 45
77 78
78 26
