0 1
0 2
1 47
1 59
2 3
2 4
3 6
3 78
4 40
4 53
5 7
5 48
6 11
6 43
7 10
7 34
10 14
10 36
11 16
11 64
15 49
15 70
16 31
16 76
18 20
18 52
27 38
27 42
28 71
29 28
29 50
30 69
31 74
31 77
32 13
33 24
33 34
34 44
35 32
35 36
36 32
37 51
37 54
38 15
39 41
39 63
40 26
41 58
41 75
42 65
43 12
43 44
44 9
45 22
45 46
46 72
47 37
47 68
48 8
49 30
49 50
50 61
51 52
51 57
52 19
53 29
53 54
54 66
55 42
55 56
56 40
57 21
57 58
58 67
59 39
59 60
60 45
61 30
61 62
62 23
63 64
63 73
64 27
65 28
65 66
66 38
67 55
67 68
68 48
69 46
69 70
70 17
71 25
71 72
72 18
73 60
73 74
74 35
75 56
75 76
76 33
77 62
77 78
78 5
