0 28
0 51
1 49
1 67
2 8
2 61
3 43
3 44
4 20
4 53
6 47
6 68
8 9
8 56
10 12
10 50
11 21
11 37
13 18
13 38
14 35
14 72
17 39
17 40
23 25
23 76
27 2
27 52
28 1
29 30
29 32
30 78
31 19
31 32
32 14
33 34
33 36
34 16
35 36
35 60
36 11
37 30
37 38
38 17
39 24
39 58
40 23
41 13
41 54
42 31
43 5
43 44
44 6
45 46
45 59
46 7
47 71
47 73
48 34
49 63
49 64
50 33
51 45
51 69
52 28
53 66
53 74
54 42
55 29
55 56
56 10
57 58
57 65
58 40
59 27
59 60
60 15
61 46
61 62
62 52
63 64
63 75
64 50
65 66
65 77
66 54
67 3
67 68
68 41
69 57
69 70
70 4
71 48
71 72
72 48
73 55
73 74
74 42
75 70
75 76
76 26
77 62
77 78
78 22
