0 49
0 53
1 39
1 46
2 14
2 47
3 5
3 57
5 7
5 8
7 9
7 10
8 27
8 78
10 59
10 73
11 28
11 43
14 22
14 74
17 19
17 36
18 24
18 56
24 25
24 26
27 35
27 61
28 41
29 45
29 76
30 3
31 28
31 32
32 34
33 44
33 77
34 51
35 36
35 67
36 55
37 30
37 38
38 32
39 4
39 40
40 58
41 42
41 66
42 71
43 18
43 69
44 34
45 37
45 46
46 30
47 33
47 48
48 13
49 50
49 75
50 1
51 54
51 60
52 68
53 50
53 54
54 6
55 20
55 56
56 23
57 38
57 58
58 72
59 16
59 60
60 64
61 11
61 62
62 52
63 21
63 64
64 52
65 29
65 66
66 17
67 31
67 70
68 12
69 44
69 70
70 68
71 40
71 72
72 48
73 15
73 74
74 63
75 2
75 76
76 42
77 65
77 78
78 62
