0 2
0 41
1 3
1 33
2 9
2 10
3 5
3 77
4 14
4 27
5 52
5 65
6 11
6 12
8 55
8 69
9 71
9 75
10 24
10 38
14 32
14 63
17 21
17 68
19 45
19 60
27 13
27 28
28 50
29 30
29 73
30 53
31 20
31 40
32 15
33 4
33 34
34 76
35 56
35 70
36 48
37 38
37 39
38 64
39 43
39 46
40 32
41 1
41 42
42 36
43 16
43 44
44 47
45 58
45 72
46 40
47 48
47 67
48 31
49 42
49 50
50 25
51 18
51 52
52 7
53 51
53 54
54 34
55 54
55 56
56 44
57 8
57 58
58 74
59 49
59 60
60 28
61 57
61 62
62 36
63 37
63 64
64 23
65 61
65 66
66 59
67 66
67 68
68 22
69 30
69 70
70 26
71 29
71 72
72 35
73 74
73 78
74 46
75 19
75 76
76 17
77 6
77 78
78 62
