0 67
0 69
1 28
1 61
2 4
2 30
3 21
3 22
4 29
4 77
5 7
5 33
6 32
6 68
7 17
7 66
8 53
8 55
9 26
9 41
10 36
10 71
13 44
13 51
17 35
17 60
27 28
27 57
28 13
29 5
29 72
30 3
31 39
31 75
32 40
33 8
33 34
34 52
35 36
35 58
36 73
37 12
37 38
38 47
39 27
39 50
40 45
41 42
41 74
42 30
43 44
43 49
44 48
45 46
45 65
46 63
47 42
47 48
48 15
49 34
49 50
50 76
51 16
51 52
52 56
53 37
53 54
54 43
55 59
55 62
56 20
57 19
57 58
58 23
59 56
59 60
60 24
61 14
61 62
62 11
63 18
63 64
64 78
65 9
65 66
66 46
67 2
67 68
68 10
69 64
69 70
70 31
71 54
71 72
72 38
73 70
73 74
74 25
75 32
75 76
76 40
77 6
77 78
78 1
