0 1
0 2
1 3
1 4
2 5
2 6
3 44
3 63
6 28
6 39
8 55
8 75
10 45
10 65
12 62
12 67
13 21
13 22
14 15
14 16
18 19
18 54
20 23
20 31
21 36
21 51
27 18
27 53
28 47
29 8
29 50
30 42
31 32
31 40
32 70
33 59
33 72
34 14
35 7
35 36
36 26
37 38
37 57
38 25
39 33
39 40
40 41
41 24
41 77
42 58
43 28
43 46
44 48
45 46
45 68
46 44
47 52
47 71
48 35
49 43
49 50
50 30
51 38
51 52
52 76
53 37
53 60
54 20
55 9
55 78
56 12
57 69
57 73
58 13
59 34
59 60
60 54
61 27
61 62
62 32
63 29
63 66
64 17
65 61
65 66
66 64
67 34
67 68
68 64
69 49
69 70
70 30
71 48
71 72
72 56
73 58
73 74
74 11
75 10
75 76
76 74
77 42
77 78
78 56
