0 59
0 60
1 4
1 73
2 7
2 54
3 5
3 6
4 19
4 27
6 43
6 77
7 28
7 69
8 38
8 51
9 12
9 44
12 15
12 36
14 26
14 52
17 22
17 29
19 31
19 49
27 20
27 56
28 9
29 21
29 30
30 24
31 47
31 63
32 48
33 28
33 72
34 70
35 1
35 74
36 16
37 23
37 53
38 18
39 32
39 65
40 35
41 40
41 46
42 11
43 14
43 64
44 66
45 39
45 46
46 55
47 48
47 62
48 2
49 50
49 71
50 42
51 17
51 58
52 34
53 38
53 54
54 8
55 42
55 56
56 68
57 32
57 58
58 78
59 45
59 60
60 41
61 37
61 62
62 57
63 61
63 64
64 67
65 40
65 66
66 76
67 44
67 68
68 33
69 10
69 70
70 25
71 30
71 72
72 75
73 3
73 74
74 36
75 34
75 76
76 50
77 13
77 78
78 52
