0 1
0 47
2 27
2 44
3 30
3 37
4 7
4 29
5 41
5 60
6 9
6 10
8 13
8 58
9 11
9 73
11 54
11 75
13 43
13 62
15 26
15 32
16 50
16 59
17 22
17 66
27 71
27 77
28 53
29 8
29 30
30 56
31 15
31 52
32 49
33 34
33 65
34 24
35 17
35 36
36 14
37 33
37 38
38 6
39 68
39 72
40 64
41 16
41 42
42 19
43 45
43 61
44 3
45 46
45 76
46 25
47 48
47 57
48 5
49 46
49 50
50 74
51 52
51 70
52 78
53 38
53 54
54 51
55 2
55 56
56 39
57 55
57 58
58 36
59 40
59 67
60 31
61 44
61 62
62 20
63 32
63 64
64 18
65 28
65 66
66 21
67 60
67 68
68 40
69 23
69 70
70 34
71 28
71 72
72 48
73 12
73 74
74 35
75 69
75 76
76 42
77 4
77 78
78 63
