Minimum level: 2
Runtime (sec): 0.035411707998719066
Support network with minimum level
83 51
51 84
84 10
23 52
52 58
63 64
64 87
58 20
53 19
19 33
19 27
37 54
54 100
16 38
38 71
3 47
47 14
41 42
42 22
32 30
30 18
2 25
2 57
25 91
57 3
57 92
17 39
17 35
39 41
35 15
55 49
49 50
49 45
77 78
78 90
28 74
74 94
85 95
95 66
59 86
86 34
80 60
60 37
26 13
90 98
98 56
97 68
68 102
67 88
88 80
87 44
44 97
43 4
4 6
4 5
33 43
33 59
27 65
79 2
99 85
100 17
45 81
81 82
61 62
62 46
36 16
22 75
21 101
101 48
89 93
93 20
5 89
5 11
18 96
96 8
66 29
91 53
92 63
6 40
40 24
50 46
46 9
56 32
31 12
24 70
70 83
69 36
15 61
102 76
76 24
75 69
29 32
82 28
94 26
71 55
71 72
72 7
1 21
20 31
34 23
65 73
65 99
73 77
48 67
0 79
0 1
