Minimum level: 2
Runtime (sec): 1.2653557910234667
Support network with minimum level
59 17
59 60
17 37
60 72
37 38
38 16
69 70
70 22
21 13
45 9
45 46
46 42
1 4
4 71
4 11
18 5
5 16
51 57
57 58
55 56
56 41
32 18
62 48
48 66
53 48
44 54
54 8
40 29
29 53
3 39
3 59
39 33
39 40
47 51
61 62
22 65
42 43
41 26
26 34
23 6
6 28
49 12
49 50
50 30
34 64
64 24
63 52
52 21
58 31
43 44
16 7
36 34
27 61
28 35
30 10
2 55
2 19
19 23
19 20
72 32
71 27
33 63
20 69
25 68
68 47
67 15
15 25
15 2
31 3
0 1
0 67
24 49
66 14
35 36
35 45
65 24
