Minimum level: 2
Runtime (sec): 1.4055680420133285
Support network with minimum level
66 30
30 48
37 30
19 38
38 49
39 20
20 72
67 52
52 40
56 68
68 47
65 15
65 66
15 25
15 36
53 55
55 54
48 33
47 39
51 67
51 31
31 77
79 19
22 80
80 17
61 35
35 65
21 62
62 34
72 22
29 75
29 13
75 53
46 59
59 64
4 57
57 63
63 58
58 70
64 60
54 44
44 76
71 37
16 71
10 21
27 28
27 41
28 79
41 74
49 51
49 50
50 24
23 73
73 43
60 18
18 2
40 18
1 3
1 32
3 23
3 5
32 4
77 78
77 29
5 8
5 46
45 14
36 16
74 42
43 6
0 27
0 69
69 1
42 11
24 42
33 34
6 10
6 61
34 26
26 45
25 56
78 54
17 9
76 7
70 12
