Minimum level: 2
Runtime (sec): 40.236586957995314
Support network with minimum level
66 30
30 48
37 38
38 49
19 20
20 72
39 52
52 40
67 68
68 47
56 68
65 15
65 66
15 25
53 55
55 56
48 33
47 39
51 67
51 31
31 32
31 77
79 19
22 80
80 17
61 35
35 36
35 65
21 62
62 34
72 22
29 75
29 13
75 53
46 59
59 44
4 57
57 63
63 58
63 64
58 70
64 60
44 76
54 44
71 37
16 71
10 21
27 28
27 41
28 79
41 74
49 51
23 50
23 73
50 24
73 43
60 18
18 2
40 18
1 3
3 23
3 5
32 4
77 29
5 8
5 46
45 14
36 16
74 42
43 6
43 78
0 27
0 69
69 1
42 11
24 42
33 34
6 10
6 61
34 26
26 45
25 26
78 54
17 9
76 7
70 12
