0 2
0 66
1 36
1 69
2 3
2 44
3 25
3 40
4 22
4 54
5 9
5 18
9 15
9 16
15 21
15 56
16 43
17 26
17 29
18 48
19 50
19 64
20 12
21 22
21 47
22 35
23 13
23 27
24 51
25 26
25 31
26 37
27 38
27 57
28 30
29 28
29 60
30 52
31 5
31 41
32 20
33 70
33 75
34 30
35 36
35 67
36 53
37 23
37 38
38 49
39 33
39 40
40 42
41 32
41 42
42 58
43 44
43 59
44 4
45 16
45 46
46 20
47 45
47 65
48 10
49 50
49 61
50 32
51 39
51 52
52 63
53 17
53 54
54 7
55 14
55 56
56 72
57 24
57 58
58 6
59 60
59 68
60 34
61 28
61 62
62 55
63 18
63 71
64 8
65 48
65 66
66 1
67 19
67 74
68 11
69 24
69 70
70 73
71 64
71 72
72 46
73 74
73 76
74 68
75 34
75 76
76 62
