0 31
0 33
1 5
1 18
2 3
2 4
4 9
4 28
6 34
6 41
8 23
8 47
10 15
10 39
15 40
15 64
16 37
17 57
17 69
18 6
19 44
19 73
20 18
21 50
21 71
22 20
23 24
23 67
24 32
25 26
25 54
26 12
27 19
27 29
28 65
29 28
29 30
30 58
31 51
31 61
32 60
33 34
33 43
34 7
35 2
35 36
36 56
37 1
37 49
38 32
39 13
39 72
40 74
41 42
41 45
42 76
43 21
43 63
44 35
45 8
45 46
46 38
47 36
47 48
48 42
49 38
49 75
50 22
51 52
51 53
52 26
53 54
53 55
54 22
55 46
55 66
56 52
57 25
57 58
58 16
59 30
59 60
60 14
61 16
61 62
62 44
63 62
63 64
64 70
65 17
65 66
66 68
67 11
67 68
68 56
69 10
69 70
70 59
71 27
71 72
72 48
73 20
73 74
74 24
75 50
75 76
76 40
