0 51
0 61
2 37
2 50
4 17
4 27
5 31
5 43
6 8
6 62
8 24
8 76
11 44
11 52
15 16
15 20
16 19
17 5
17 45
18 28
19 54
19 70
20 14
21 3
21 29
22 40
23 72
23 75
24 60
25 21
25 49
26 13
27 16
27 66
28 33
29 22
29 30
30 41
31 12
31 32
32 30
33 9
33 34
34 22
35 25
35 36
36 58
37 23
37 55
38 15
39 6
39 40
40 48
41 26
41 56
42 69
43 11
43 44
44 38
45 36
45 46
46 74
47 18
47 48
48 20
49 26
49 65
50 53
51 1
51 52
52 46
53 4
53 54
54 63
55 42
55 56
56 42
57 58
57 64
58 68
59 67
59 71
60 47
61 2
61 62
62 59
63 57
63 64
64 34
65 66
65 73
66 28
67 7
67 68
68 18
69 38
69 70
70 39
71 60
71 72
72 24
73 50
73 74
74 32
75 35
75 76
76 10
