0 19
0 65
1 21
1 69
2 46
2 55
3 38
3 64
6 31
6 50
7 11
7 32
11 17
11 44
15 26
15 27
16 39
17 13
17 40
18 3
19 2
19 56
20 48
21 29
21 61
22 18
23 25
23 60
24 16
25 42
25 76
26 74
27 24
27 37
28 22
29 28
29 62
30 7
31 20
31 32
32 52
33 4
33 51
34 12
35 63
35 71
36 26
37 28
37 38
38 49
39 40
39 58
40 18
41 33
41 66
42 36
43 35
43 44
44 70
45 46
45 54
46 15
47 5
47 48
48 9
49 6
49 50
50 10
51 34
51 52
52 34
53 59
53 72
54 30
55 43
55 56
56 20
57 41
57 68
58 14
59 42
59 75
60 24
61 8
61 62
62 30
63 64
63 73
64 47
65 23
65 66
66 53
67 36
67 68
68 58
69 45
69 70
70 16
71 67
71 72
72 54
73 57
73 74
74 22
75 60
75 76
76 1
