0 17
0 73
1 35
1 74
2 3
2 25
3 13
3 44
5 8
5 52
8 9
8 38
9 11
9 12
15 2
15 62
16 29
17 43
17 60
18 15
19 18
19 56
20 34
21 71
21 72
22 37
23 33
23 59
24 16
25 27
25 68
26 6
27 48
27 63
28 31
29 26
29 30
30 5
31 58
31 64
32 16
33 34
33 36
34 10
35 22
35 36
36 55
37 28
37 41
38 40
39 40
39 53
40 20
41 38
41 49
42 30
43 47
43 65
44 23
45 1
45 75
46 24
47 54
47 57
48 28
49 50
49 61
50 24
51 52
51 70
52 7
53 21
53 54
54 69
55 50
55 56
56 66
57 44
57 58
58 32
59 14
59 60
60 45
61 42
61 62
62 46
63 51
63 67
64 42
65 18
65 66
66 20
67 64
67 68
68 39
69 48
69 70
70 26
71 72
71 76
72 4
73 19
73 74
74 32
75 46
75 76
76 22
