0 2
0 17
1 3
1 31
2 18
2 39
3 26
3 53
4 14
4 29
6 46
6 48
8 58
8 70
15 38
15 42
16 7
17 27
17 61
18 5
19 65
19 67
20 47
21 37
21 56
22 20
23 16
23 28
24 68
25 1
25 44
26 10
27 25
27 57
28 52
29 13
29 30
30 43
31 32
31 45
32 72
33 22
33 34
34 11
35 36
35 55
36 23
37 64
37 74
38 19
39 40
39 54
40 33
41 38
41 42
42 20
43 22
43 44
44 35
45 4
45 75
46 49
47 24
47 48
48 36
49 8
49 50
50 62
51 12
51 52
52 24
53 54
53 73
54 6
55 26
55 56
56 51
57 66
57 69
58 15
59 46
59 60
60 16
61 62
61 63
62 40
63 18
63 64
64 41
65 60
65 66
66 71
67 30
67 68
68 32
69 58
69 70
70 76
71 28
71 72
72 34
73 9
73 74
74 50
75 59
75 76
76 21
