0 1
0 16
1 53
1 69
2 25
2 48
4 29
4 54
6 7
6 8
7 9
7 10
8 40
8 67
15 17
15 47
16 55
17 16
17 19
18 58
19 20
19 76
20 23
21 26
21 71
22 20
23 11
23 24
24 28
25 3
25 42
26 56
27 64
27 70
28 5
29 24
29 33
30 13
31 32
31 45
32 30
33 32
33 34
34 50
35 52
35 75
36 14
37 15
37 59
38 60
39 28
39 68
40 38
41 43
41 65
42 26
43 44
43 73
44 27
45 41
45 49
46 51
47 48
47 57
48 4
49 46
49 50
50 36
51 42
51 52
52 62
53 37
53 54
54 18
55 31
55 66
56 44
57 30
57 58
58 6
59 60
59 63
60 22
61 12
61 62
62 22
63 38
63 64
64 72
65 46
65 66
66 56
67 61
67 68
68 40
69 34
69 74
70 35
71 2
71 72
72 39
73 21
73 74
74 70
75 36
75 76
76 18
