0 27
0 50
1 75
1 76
2 21
2 31
3 17
3 52
4 5
4 22
5 24
5 42
6 61
6 63
15 32
15 71
16 48
17 35
17 40
18 10
19 3
19 53
20 73
21 22
21 55
22 6
23 24
23 51
24 74
25 12
25 34
26 23
27 2
27 28
28 20
29 30
29 69
30 68
31 30
31 32
32 56
33 41
33 62
34 44
35 36
35 45
36 7
37 26
37 54
38 43
39 18
39 40
40 38
41 42
41 65
42 46
43 25
43 44
44 26
45 18
45 60
46 14
47 48
47 64
48 49
49 33
49 50
50 59
51 8
51 66
52 58
53 29
53 54
54 47
55 15
55 67
56 19
57 4
57 58
58 11
59 1
59 60
60 46
61 28
61 70
62 36
63 16
63 64
64 38
65 34
65 66
66 52
67 56
67 72
68 57
69 20
69 70
70 62
71 16
71 72
72 68
73 37
73 74
74 13
75 39
75 76
76 9
