0 1
0 37
1 3
1 15
2 18
2 75
3 62
3 71
4 6
4 16
5 45
5 55
6 9
6 21
15 31
15 63
16 5
17 10
17 18
18 52
19 23
19 56
20 11
21 35
21 44
22 2
23 20
23 24
24 47
25 12
25 26
26 46
27 29
27 34
28 40
29 64
29 67
30 50
31 16
31 32
32 48
33 32
33 54
34 57
35 24
35 36
36 68
37 72
37 73
38 39
39 36
39 61
40 42
41 33
41 69
42 17
43 4
43 44
44 58
45 51
45 59
46 7
47 48
47 53
48 60
49 50
49 70
50 26
51 13
51 52
52 20
53 22
53 54
54 34
55 27
55 74
56 66
57 28
57 58
58 28
59 46
59 60
60 22
61 40
61 62
62 30
63 43
63 64
64 14
65 66
65 76
66 41
67 65
67 68
68 25
69 42
69 70
70 8
71 49
71 72
72 19
73 38
73 74
74 56
75 38
75 76
76 30
