0 29
0 65
1 4
1 19
3 16
3 52
4 23
4 38
6 7
6 8
7 9
7 17
8 28
8 68
15 18
15 33
16 63
17 36
17 48
18 66
19 3
19 20
20 2
21 15
21 22
22 26
23 34
23 37
24 14
25 51
25 53
26 6
27 28
27 41
28 47
29 39
29 71
30 75
31 22
31 32
32 12
33 16
33 34
34 25
35 24
35 36
36 27
37 38
37 46
38 45
39 1
39 40
40 30
41 50
41 54
42 32
43 21
43 44
44 56
45 43
45 58
46 62
47 60
47 64
48 49
49 10
49 55
50 18
51 52
51 69
52 73
53 30
53 61
54 76
55 50
55 67
56 42
57 13
57 58
58 46
59 11
59 74
60 48
61 54
61 62
62 35
63 5
63 64
64 59
65 66
65 72
66 24
67 56
67 68
68 70
69 57
69 70
70 42
71 40
71 72
72 20
73 31
73 74
74 60
75 26
75 76
76 44
