0 15
0 37
1 26
1 60
2 9
2 21
3 47
3 71
4 17
4 66
8 13
8 29
9 20
9 34
15 2
15 28
16 4
17 19
17 24
18 35
19 18
19 49
20 65
21 22
21 44
22 33
23 46
23 75
24 68
25 16
25 59
26 16
27 22
27 28
28 25
29 14
29 30
30 32
31 55
31 67
32 45
33 34
33 53
34 64
35 7
35 41
36 50
37 27
37 42
38 36
39 40
39 69
40 8
41 42
41 73
42 38
43 30
43 44
44 54
45 46
45 56
46 52
47 18
47 63
48 72
49 50
49 61
50 58
51 43
51 76
52 12
53 1
53 54
54 57
55 32
55 56
56 6
57 48
57 58
58 5
59 26
59 60
60 31
61 20
61 70
62 10
63 48
63 64
64 39
65 66
65 74
66 51
67 3
67 68
68 36
69 11
69 70
70 62
71 40
71 72
72 62
73 38
73 74
74 23
75 24
75 76
76 52
