0 23
0 56
2 19
2 37
4 5
4 6
5 21
5 22
6 13
6 60
7 11
7 42
8 18
8 63
15 16
15 75
16 34
17 1
17 50
18 41
19 15
19 61
20 14
21 16
21 46
22 7
23 35
23 72
24 40
25 26
25 64
26 51
27 3
27 28
28 22
29 25
29 30
30 66
31 20
31 47
32 24
33 34
33 70
34 52
35 36
35 39
36 9
37 53
37 65
38 18
39 40
39 57
40 33
41 10
41 42
42 12
43 26
43 44
44 28
45 17
45 46
46 44
47 32
47 74
48 8
49 50
49 68
50 30
51 32
51 52
52 48
53 38
53 54
54 20
55 24
55 56
56 29
57 58
57 73
58 67
59 43
59 60
60 54
61 31
61 62
62 27
63 36
63 64
64 45
65 4
65 66
66 69
67 55
67 68
68 48
69 38
69 70
70 76
71 2
71 72
72 58
73 71
73 74
74 49
75 59
75 76
76 62
