0 1
0 17
1 3
1 53
4 25
4 55
5 8
5 21
7 10
7 30
8 24
8 28
12 14
12 49
15 2
15 19
16 5
17 27
17 75
18 9
19 20
19 54
20 16
21 31
21 45
22 36
23 18
23 62
24 51
25 41
25 44
26 20
27 43
27 65
28 68
29 30
29 34
30 23
31 46
31 66
32 50
33 13
33 42
34 32
35 40
35 71
36 18
37 38
37 70
38 34
39 35
39 74
40 36
41 37
41 57
42 38
43 44
43 61
44 26
45 46
45 52
46 29
47 48
47 59
48 32
49 33
49 50
50 7
51 11
51 52
52 72
53 4
53 63
54 16
55 56
55 67
56 54
57 58
57 64
58 56
59 26
59 60
60 48
61 22
61 62
62 24
63 58
63 64
64 73
65 66
65 76
66 60
67 47
67 68
68 12
69 28
69 70
70 6
71 15
71 72
72 22
73 42
73 74
74 40
75 39
75 76
76 69
