0 43
0 51
2 20
2 45
3 6
3 62
4 38
4 69
5 28
5 46
6 21
6 41
8 13
8 53
15 40
15 52
16 50
17 1
17 56
18 16
19 44
19 57
20 3
21 39
21 71
22 48
23 22
23 59
24 12
25 17
25 26
26 72
27 28
27 34
28 68
29 18
29 30
30 7
31 58
31 66
32 10
33 31
33 34
34 30
35 36
35 54
36 22
37 32
37 38
38 11
39 40
39 42
40 55
41 64
41 76
42 70
43 2
43 44
44 63
45 46
45 47
46 27
47 48
47 61
48 24
49 32
49 50
50 4
51 19
51 52
52 18
53 15
53 54
54 14
55 35
55 56
56 29
57 73
57 75
58 49
59 24
59 60
60 9
61 62
61 67
62 5
63 20
63 74
64 60
65 8
65 66
66 36
67 16
67 68
68 65
69 23
69 70
70 26
71 33
71 72
72 37
73 25
73 74
74 64
75 58
75 76
76 42
