0 2
0 23
1 5
1 15
2 29
2 63
5 7
5 76
7 22
7 71
9 20
9 45
12 13
12 70
15 6
15 37
16 10
17 46
17 62
18 64
19 11
19 20
20 17
21 22
21 54
22 60
23 24
23 69
24 39
25 19
25 26
26 73
27 58
27 68
28 52
29 44
29 75
30 56
31 28
31 32
32 42
33 30
33 38
34 4
35 31
35 36
36 1
37 50
37 55
38 51
39 12
39 40
40 43
41 48
41 65
42 33
43 44
43 53
44 30
45 25
45 46
46 24
47 49
47 67
48 32
49 48
49 50
50 61
51 34
51 52
52 9
53 3
53 54
54 8
55 38
55 56
56 16
57 58
57 59
58 35
59 27
59 72
60 66
61 16
61 62
62 18
63 26
63 64
64 40
65 47
65 66
66 28
67 42
67 68
68 34
69 36
69 70
70 74
71 41
71 72
72 60
73 18
73 74
74 14
75 57
75 76
76 21
