0 37
0 40
1 43
1 67
2 17
2 32
3 30
3 51
4 9
4 10
9 42
9 48
10 27
10 28
15 19
15 44
16 4
17 18
17 38
18 33
19 20
19 26
20 34
21 24
21 46
22 11
23 24
23 59
24 69
25 5
25 49
26 35
27 31
27 61
28 22
29 3
29 30
30 23
31 12
31 32
32 60
33 14
33 71
34 6
35 45
35 74
36 18
37 41
37 47
38 15
39 1
39 40
40 21
41 39
41 65
42 13
43 29
43 44
44 7
45 54
45 55
46 53
47 38
47 48
48 36
49 26
49 52
50 36
51 25
51 58
52 50
53 22
53 54
54 50
55 56
55 70
56 73
57 2
57 58
58 68
59 60
59 63
60 8
61 28
61 76
62 34
63 56
63 64
64 16
65 42
65 66
66 72
67 64
67 68
68 52
69 57
69 70
70 75
71 66
71 72
72 62
73 20
73 74
74 16
75 46
75 76
76 62
