0 2
0 15
1 3
1 54
2 31
2 35
4 33
4 71
6 10
6 32
8 14
8 62
10 27
10 36
15 1
15 25
16 9
17 18
17 56
18 13
19 41
19 63
20 26
21 17
21 22
22 11
23 22
23 75
24 37
25 34
25 50
26 29
27 43
27 73
28 26
29 12
29 30
30 18
31 5
31 40
32 72
33 7
33 65
34 28
35 6
35 36
36 64
37 16
37 38
38 21
39 24
39 40
40 58
41 47
41 68
42 16
43 23
43 66
44 76
45 32
45 46
46 49
47 20
47 48
48 34
49 28
49 50
50 38
51 53
51 69
52 60
53 39
53 54
54 4
55 52
55 56
56 19
57 58
57 74
58 55
59 44
59 60
60 45
61 52
61 62
62 57
63 42
63 64
64 20
65 44
65 66
66 59
67 68
67 70
68 42
69 67
69 70
70 61
71 8
71 72
72 24
73 46
73 74
74 30
75 51
75 76
76 48
