0 17
0 29
1 39
1 66
2 4
2 47
3 16
3 41
4 5
4 31
5 65
5 74
12 20
12 21
15 11
15 16
16 52
17 2
17 18
18 23
19 25
19 37
20 13
21 22
21 35
22 58
23 19
23 24
24 10
25 26
25 61
26 28
27 8
27 28
28 38
29 30
29 34
30 44
31 18
31 55
32 26
33 46
33 50
34 1
35 14
35 36
36 9
37 33
37 38
38 24
39 15
39 40
40 12
41 54
41 70
42 34
43 32
43 76
44 51
45 3
45 46
46 75
47 48
47 49
48 62
49 45
49 50
50 6
51 40
51 52
52 22
53 42
53 63
54 64
55 32
55 56
56 68
57 58
57 69
58 60
59 42
59 60
60 36
61 20
61 71
62 56
63 54
63 73
64 43
65 7
65 72
66 48
67 57
67 68
68 30
69 44
69 70
70 59
71 62
71 72
72 66
73 64
73 74
74 27
75 53
75 76
76 67
