0 2
0 25
2 43
2 44
3 50
3 59
5 16
5 64
6 30
6 61
8 35
8 67
9 11
9 12
15 9
15 32
16 10
17 33
17 36
18 7
19 22
19 72
20 21
21 48
21 58
22 31
23 4
23 66
24 13
25 29
25 52
26 51
27 28
27 37
28 17
29 26
29 30
30 18
31 34
31 40
32 16
33 42
33 75
34 32
35 36
35 73
36 76
37 20
37 38
38 5
39 63
39 69
40 28
41 27
41 57
42 38
43 44
43 46
44 3
45 14
45 46
46 65
47 26
47 55
48 22
49 24
49 53
50 19
51 49
51 52
52 56
53 50
53 68
54 42
55 56
55 71
56 1
57 54
57 60
58 24
59 6
59 62
60 74
61 8
61 62
62 60
63 40
63 64
64 15
65 23
65 66
66 39
67 45
67 68
68 70
69 47
69 70
70 54
71 48
71 72
72 20
73 41
73 74
74 58
75 34
75 76
76 18
