0 2
0 31
2 35
2 40
3 6
3 39
4 28
4 67
7 20
7 38
8 66
8 68
10 14
10 22
15 18
15 50
16 11
17 10
17 18
18 74
19 42
19 47
20 57
21 17
21 22
22 58
23 15
23 69
24 75
25 20
25 45
26 4
27 8
27 30
28 7
29 12
29 76
30 34
31 1
31 41
32 16
33 72
33 73
34 28
35 61
35 64
36 30
37 38
37 54
38 21
39 33
39 59
40 19
41 43
41 55
42 25
43 44
43 56
44 36
45 26
45 46
46 36
47 48
47 60
48 42
49 5
49 50
50 27
51 48
51 52
52 53
53 40
53 54
54 24
55 56
55 63
56 32
57 9
57 58
58 62
59 52
59 60
60 26
61 3
61 71
62 13
63 51
63 65
64 44
65 64
65 66
66 37
67 23
67 68
68 29
69 24
69 70
70 46
71 62
71 72
72 34
73 49
73 74
74 32
75 16
75 76
76 70
