0 30
0 61
1 8
1 54
2 4
2 57
3 5
3 62
4 37
4 71
9 59
9 69
10 11
10 34
15 36
15 75
16 50
17 19
17 56
18 44
19 32
19 55
20 33
21 3
21 35
22 16
23 24
23 67
24 38
25 21
25 48
26 39
27 20
27 28
28 72
29 30
29 68
30 1
31 45
31 58
32 20
33 15
33 63
34 64
35 22
35 36
36 65
37 9
37 38
38 42
39 29
39 43
40 18
41 40
41 46
42 70
43 40
43 44
44 7
45 46
45 53
46 42
47 2
47 48
48 51
49 50
49 73
50 13
51 60
51 76
52 31
53 6
53 54
54 66
55 56
55 74
56 10
57 23
57 58
58 32
59 27
59 60
60 52
61 47
61 62
62 52
63 34
63 64
64 26
65 28
65 66
66 41
67 25
67 68
68 24
69 16
69 70
70 12
71 17
71 72
72 22
73 14
73 74
74 18
75 49
75 76
76 26
