0 21
0 28
1 14
1 71
2 22
2 52
4 26
4 39
5 12
5 16
6 7
6 53
7 30
7 36
15 54
15 70
16 11
17 25
17 49
18 8
19 20
19 32
20 18
21 22
21 37
22 4
23 2
23 24
24 10
25 20
25 29
26 41
27 16
27 28
28 38
29 26
29 45
30 55
31 24
31 32
32 27
33 43
33 51
34 44
35 36
35 68
36 60
37 33
37 42
38 1
39 15
39 40
40 9
41 46
41 48
42 67
43 23
43 65
44 57
45 35
45 47
46 42
47 48
47 59
48 75
49 50
49 56
50 64
51 52
51 61
52 17
53 34
53 54
54 5
55 58
55 73
56 3
57 58
57 63
58 56
59 62
59 72
60 40
61 62
61 76
62 46
63 18
63 74
64 31
65 44
65 66
66 50
67 38
67 68
68 30
69 64
69 70
70 19
71 13
71 72
72 60
73 66
73 74
74 69
75 6
75 76
76 34
