Minimum level: 2
Runtime (sec): 0.013290083967149258
Support network with minimum level
28 38
38 40
37 14
65 71
71 66
32 18
18 12
30 80
80 50
79 78
78 46
77 34
34 20
83 84
84 52
11 68
68 16
67 6
43 79
50 44
44 60
56 67
36 10
26 17
17 27
17 28
3 63
3 70
63 25
70 22
69 15
15 16
5 9
5 75
75 23
27 21
21 55
16 13
73 26
61 74
74 4
46 62
62 48
76 61
60 11
59 30
8 65
53 39
39 81
35 54
54 56
19 36
20 8
48 7
47 5
23 57
23 19
57 64
41 73
49 42
42 45
45 59
25 43
25 41
64 58
2 24
24 3
66 51
51 72
72 76
52 37
55 32
31 77
81 47
81 82
82 58
40 35
58 22
22 31
1 53
1 29
29 49
29 69
0 1
0 33
33 83
33 2
