Minimum level: 3
Runtime (sec): 70.58663008298026
Support network with minimum level
38 28
28 95
37 28
32 38
35 99
35 69
99 100
99 90
69 70
30 42
42 5
67 68
68 78
85 68
27 86
86 65
50 16
16 89
53 47
47 48
47 39
2 54
54 87
48 64
39 3
39 83
0 71
0 31
71 17
31 35
31 18
23 13
79 80
79 51
80 33
51 52
3 6
19 20
20 88
83 84
84 75
100 40
90 36
89 11
25 41
25 98
41 1
41 61
98 91
97 67
94 62
62 37
61 97
70 24
24 7
82 24
95 55
55 14
46 96
96 12
64 29
93 64
60 94
88 77
77 30
63 93
33 34
34 73
65 32
65 66
66 46
49 85
36 21
21 81
73 57
18 2
52 92
57 58
58 50
9 45
45 72
72 63
17 25
17 79
87 22
22 26
81 74
43 4
4 59
4 9
40 44
44 8
76 30
78 56
5 23
5 60
59 10
74 82
56 50
29 76
75 43
26 40
91 92
92 49
1 53
1 15
15 19
15 27
