Minimum level: 1
Runtime (sec): 2104.214952915965
Support network with minimum level
45 83
83 26
9 46
46 40
21 22
22 18
67 52
52 28
18 68
68 11
26 84
84 1
85 86
86 63
5 64
64 70
63 75
75 76
55 3
3 5
51 56
56 67
28 58
43 49
49 59
69 44
44 48
70 65
34 16
16 45
19 20
20 24
29 80
80 30
79 47
47 34
81 8
53 82
82 87
73 74
73 41
74 55
41 23
30 6
90 62
62 57
61 18
36 51
40 12
39 9
32 66
66 21
65 81
59 60
59 33
89 90
24 2
88 38
38 7
76 50
6 69
72 10
0 73
0 19
87 88
23 43
23 29
33 42
33 77
42 25
77 79
58 13
57 50
50 14
17 61
71 72
48 54
54 15
27 17
60 36
31 35
35 53
15 32
37 71
37 39
2 31
2 4
25 78
25 85
78 89
1 37
1 27
