Minimum level: 3
Runtime (sec): 0.382917917042505
Support network with minimum level
42 28
28 70
96 28
52 26
26 50
37 38
38 58
100 38
107 29
29 30
101 108
108 58
56 102
102 16
91 105
91 64
105 106
64 39
31 32
32 1
0 51
51 21
51 93
92 60
60 41
59 6
16 86
86 4
85 2
2 107
2 65
23 95
23 24
95 59
24 11
7 61
61 67
62 100
99 68
68 42
67 71
71 72
44 40
40 12
55 104
104 56
103 36
36 45
35 63
63 85
70 80
80 14
79 15
15 97
15 3
1 43
1 7
43 8
46 20
20 34
54 20
69 23
83 91
27 84
84 62
89 90
89 66
90 19
66 103
3 27
25 55
82 52
97 98
98 83
39 109
39 9
109 73
50 69
41 10
53 13
72 54
30 25
21 35
93 94
49 50
88 44
45 17
45 46
17 47
47 18
18 22
22 87
34 92
106 49
77 78
78 82
94 57
19 33
33 48
57 81
81 101
48 54
73 77
75 110
110 5
74 76
76 53
4 37
4 75
58 96
87 31
87 88
5 99
5 74
65 79
65 89
