Minimum level: 3
Runtime (sec): 4.7321214999537915
Support network with minimum level
30 68
68 13
67 52
52 40
43 44
44 9
51 67
69 81
69 88
81 93
88 22
87 71
71 2
71 85
16 77
77 51
5 29
29 33
29 39
92 16
53 69
59 60
59 6
60 54
6 83
31 57
57 58
85 72
72 36
34 86
86 15
45 25
25 26
0 46
0 17
46 90
17 23
17 79
40 80
80 74
79 87
32 50
50 14
94 50
1 31
1 7
11 47
47 64
58 32
26 41
62 24
24 89
36 32
35 84
84 61
83 34
33 66
66 38
65 20
20 3
55 56
56 92
73 56
74 38
93 94
4 70
4 59
70 5
15 35
15 18
18 76
21 53
89 90
61 75
75 19
27 62
82 28
28 4
90 1
54 55
41 63
41 42
63 48
42 49
78 40
23 21
23 27
76 73
19 12
19 45
64 48
48 91
38 30
49 11
37 82
37 78
39 10
39 43
2 65
22 37
91 8
